27C.aethiops	0.0	0.2119	0.1432	0.055	0.0656	0.05	0.1333	0.1147	0.1413	0.124	0.2358	0.1004	0.0909	0.1683	0.1865	0.1578	0.2193	0.1035	0.2212	0.2099	0.1215	0.1529	0.2216	0.1211	0.2226	0.2123	0.2184C.albifron	0.2119	0.0	0.1389	0.1999	0.2143	0.2119	0.2215	0.2287	0.2707	0.241	0.1425	0.2225	0.2228	0.1641	0.1161	0.2966	0.1314	0.2216	0.1097	0.1133	0.2151	0.2869	0.1314	0.2196	0.1221	0.1335	0.116C.guereza 	0.1432	0.1389	0.0	0.1448	0.1494	0.1492	0.1695	0.164	0.2045	0.1755	0.1624	0.161	0.1605	0.1425	0.1086	0.2325	0.1335	0.1577	0.13	0.1243	0.154	0.2222	0.1351	0.1547	0.1326	0.1431	0.126C.pygeryth	0.055	0.1999	0.1448	0.0	0.0616	0.0523	0.1226	0.11	0.1377	0.1204	0.2335	0.0946	0.0909	0.1664	0.1808	0.158	0.211	0.1046	0.2149	0.2066	0.1108	0.1507	0.2175	0.113	0.2162	0.2049	0.2095C.sabaeus 	0.0656	0.2143	0.1494	0.0616	0.0	0.0597	0.1363	0.121	0.1438	0.1261	0.2396	0.0972	0.0939	0.1822	0.1876	0.1623	0.2206	0.1066	0.2184	0.2154	0.1238	0.1569	0.2255	0.1286	0.2246	0.2121	0.2186C.tantalus	0.05	0.2119	0.1492	0.0523	0.0597	0.0	0.1339	0.1171	0.1383	0.1187	0.2366	0.0889	0.0892	0.174	0.1849	0.1607	0.2175	0.1044	0.2204	0.2114	0.1199	0.1517	0.2222	0.1184	0.2225	0.2095	0.218C.variegat	0.1333	0.2215	0.1695	0.1226	0.1363	0.1339	0.0	0.1209	0.1298	0.1305	0.2363	0.1299	0.1327	0.1596	0.2081	0.1569	0.2297	0.1282	0.2467	0.2239	0.1141	0.1495	0.241	0.1158	0.2405	0.2032	0.2376G.gorilla 	0.1147	0.2287	0.164	0.11	0.121	0.1171	0.1209	0.0	0.105	0.0794	0.2517	0.118	0.1147	0.1798	0.2067	0.1197	0.2266	0.1157	0.2412	0.2232	0.0749	0.1133	0.2377	0.0792	0.2409	0.2295	0.2316H.lar     	0.1413	0.2707	0.2045	0.1377	0.1438	0.1383	0.1298	0.105	0.0	0.0978	0.2943	0.1233	0.128	0.2196	0.2443	0.1045	0.2662	0.1146	0.2907	0.2661	0.1183	0.1001	0.285	0.1108	0.2806	0.268	0.2775H.sapiens 	0.124	0.241	0.1755	0.1204	0.1261	0.1187	0.1305	0.0794	0.0978	0.0	0.2716	0.1061	0.1206	0.2026	0.2216	0.0971	0.2507	0.1129	0.2624	0.2404	0.0767	0.1002	0.2595	0.074	0.2547	0.2465	0.2545L.catta   	0.2358	0.1425	0.1624	0.2335	0.2396	0.2366	0.2363	0.2517	0.2943	0.2716	0.0	0.2506	0.2554	0.1629	0.141	0.3274	0.1438	0.2531	0.1316	0.1336	0.2408	0.3172	0.1502	0.2418	0.1478	0.1364	0.1397M.mulatta 	0.1004	0.2225	0.161	0.0946	0.0972	0.0889	0.1299	0.118	0.1233	0.1061	0.2506	0.0	0.0783	0.176	0.1945	0.1437	0.2278	0.1005	0.2365	0.2153	0.1206	0.142	0.2308	0.117	0.2264	0.2257	0.229M.sylvanus	0.0909	0.2228	0.1605	0.0909	0.0939	0.0892	0.1327	0.1147	0.128	0.1206	0.2554	0.0783	0.0	0.1829	0.1992	0.1554	0.2344	0.1013	0.2403	0.2238	0.1177	0.1491	0.2457	0.1218	0.2348	0.2245	0.2352N.coucang 	0.1683	0.1641	0.1425	0.1664	0.1822	0.174	0.1596	0.1798	0.2196	0.2026	0.1629	0.176	0.1829	0.0	0.1562	0.2499	0.1715	0.184	0.1709	0.1579	0.1806	0.241	0.1691	0.1841	0.1739	0.1669	0.1692N.larvatus	0.1865	0.1161	0.1086	0.1808	0.1876	0.1849	0.2081	0.2067	0.2443	0.2216	0.141	0.1945	0.1992	0.1562	0.0	0.2818	0.0937	0.2055	0.0982	0.0829	0.1986	0.2743	0.0932	0.2029	0.0972	0.1335	0.093P.abelii  	0.1578	0.2966	0.2325	0.158	0.1623	0.1607	0.1569	0.1197	0.1045	0.0971	0.3274	0.1437	0.1554	0.2499	0.2818	0.0	0.3017	0.1409	0.322	0.2983	0.1269	0.0584	0.3161	0.1266	0.3067	0.2948	0.3138P.badius  	0.2193	0.1314	0.1335	0.211	0.2206	0.2175	0.2297	0.2266	0.2662	0.2507	0.1438	0.2278	0.2344	0.1715	0.0937	0.3017	0.0	0.2363	0.1052	0.1019	0.2215	0.2936	0.0911	0.2232	0.0938	0.1408	0.092P.hamadrya	0.1035	0.2216	0.1577	0.1046	0.1066	0.1044	0.1282	0.1157	0.1146	0.1129	0.2531	0.1005	0.1013	0.184	0.2055	0.1409	0.2363	0.0	0.2398	0.2276	0.1153	0.137	0.2436	0.1211	0.2351	0.2294	0.2347P.melaloph	0.2212	0.1097	0.13	0.2149	0.2184	0.2204	0.2467	0.2412	0.2907	0.2624	0.1316	0.2365	0.2403	0.1709	0.0982	0.322	0.1052	0.2398	0.0	0.0891	0.2354	0.3097	0.0912	0.2376	0.0985	0.1372	0.0851P.nemaeus 	0.2099	0.1133	0.1243	0.2066	0.2154	0.2114	0.2239	0.2232	0.2661	0.2404	0.1336	0.2153	0.2238	0.1579	0.0829	0.2983	0.1019	0.2276	0.0891	0.0	0.2152	0.2889	0.087	0.2198	0.0978	0.1421	0.0879P.paniscus	0.1215	0.2151	0.154	0.1108	0.1238	0.1199	0.1141	0.0749	0.1183	0.0767	0.2408	0.1206	0.1177	0.1806	0.1986	0.1269	0.2215	0.1153	0.2354	0.2152	0.0	0.1184	0.2338	0.0527	0.2305	0.2122	0.2254P.pygmaeus	0.1529	0.2869	0.2222	0.1507	0.1569	0.1517	0.1495	0.1133	0.1001	0.1002	0.3172	0.142	0.1491	0.241	0.2743	0.0584	0.2936	0.137	0.3097	0.2889	0.1184	0.0	0.3077	0.1174	0.2985	0.2869	0.3007P.roxellan	0.2216	0.1314	0.1351	0.2175	0.2255	0.2222	0.241	0.2377	0.285	0.2595	0.1502	0.2308	0.2457	0.1691	0.0932	0.3161	0.0911	0.2436	0.0912	0.087	0.2338	0.3077	0.0	0.2343	0.0916	0.1526	0.0834P.troglody	0.1211	0.2196	0.1547	0.113	0.1286	0.1184	0.1158	0.0792	0.1108	0.074	0.2418	0.117	0.1218	0.1841	0.2029	0.1266	0.2232	0.1211	0.2376	0.2198	0.0527	0.1174	0.2343	0.0	0.2347	0.2205	0.2289S.entellus	0.2226	0.1221	0.1326	0.2162	0.2246	0.2225	0.2405	0.2409	0.2806	0.2547	0.1478	0.2264	0.2348	0.1739	0.0972	0.3067	0.0938	0.2351	0.0985	0.0978	0.2305	0.2985	0.0916	0.2347	0.0	0.1485	0.0944T.bancanus	0.2123	0.1335	0.1431	0.2049	0.2121	0.2095	0.2032	0.2295	0.268	0.2465	0.1364	0.2257	0.2245	0.1669	0.1335	0.2948	0.1408	0.2294	0.1372	0.1421	0.2122	0.2869	0.1526	0.2205	0.1485	0.0	0.1396T.obscurus	0.2184	0.116	0.126	0.2095	0.2186	0.218	0.2376	0.2316	0.2775	0.2545	0.1397	0.229	0.2352	0.1692	0.093	0.3138	0.092	0.2347	0.0851	0.0879	0.2254	0.3007	0.0834	0.2289	0.0944	0.1396	0.0