27C.aethiops	0.0	0.3051	0.2413	0.1109	0.1381	0.1004	0.2391	0.2176	0.2348	0.2205	0.3339	0.1953	0.1895	0.2696	0.2698	0.2517	0.3097	0.1972	0.3047	0.301	0.221	0.25	0.3099	0.2223	0.3054	0.3154	0.3094C.albifron	0.3051	0.0	0.2403	0.2943	0.3036	0.2989	0.3121	0.3235	0.3554	0.3292	0.2551	0.3167	0.3169	0.2686	0.2274	0.3892	0.2333	0.3172	0.2136	0.2221	0.3145	0.3744	0.2324	0.3143	0.2268	0.2409	0.2269C.guereza 	0.2413	0.2403	0.0	0.2409	0.2461	0.2455	0.2659	0.269	0.2943	0.2758	0.2681	0.2596	0.2562	0.247	0.2007	0.3287	0.2231	0.251	0.2171	0.2228	0.2554	0.3209	0.2223	0.2549	0.2218	0.2546	0.223C.pygeryth	0.1109	0.2943	0.2409	0.0	0.1285	0.1067	0.2323	0.2146	0.2305	0.2132	0.3321	0.1936	0.1872	0.2665	0.2691	0.2534	0.3033	0.2027	0.2991	0.2951	0.2097	0.2427	0.3134	0.2111	0.3041	0.3125	0.3014C.sabaeus 	0.1381	0.3036	0.2461	0.1285	0.0	0.1241	0.2392	0.2281	0.2466	0.2216	0.3403	0.1925	0.1847	0.2823	0.2692	0.258	0.3082	0.1994	0.2975	0.3001	0.2248	0.2536	0.3084	0.2273	0.3086	0.3143	0.3019C.tantalus	0.1004	0.2989	0.2455	0.1067	0.1241	0.0	0.2394	0.2187	0.2403	0.2168	0.3345	0.1875	0.1806	0.2763	0.2705	0.2496	0.3089	0.1943	0.3023	0.3007	0.2212	0.2442	0.3143	0.2242	0.3069	0.3125	0.3029C.variegat	0.2391	0.3121	0.2659	0.2323	0.2392	0.2394	0.0	0.2324	0.2418	0.2332	0.331	0.247	0.2404	0.2591	0.3004	0.2603	0.3236	0.2481	0.3311	0.3197	0.2201	0.25	0.3356	0.2265	0.325	0.3011	0.3302G.gorilla 	0.2176	0.3235	0.269	0.2146	0.2281	0.2187	0.2324	0.0	0.2119	0.1615	0.3559	0.2297	0.2235	0.2846	0.3038	0.2044	0.3258	0.2212	0.3366	0.3212	0.1666	0.2052	0.3407	0.1721	0.3307	0.3361	0.3283H.lar     	0.2348	0.3554	0.2943	0.2305	0.2466	0.2403	0.2418	0.2119	0.0	0.1985	0.3936	0.2318	0.2274	0.308	0.3358	0.2067	0.3536	0.2244	0.3716	0.352	0.2149	0.1977	0.376	0.2102	0.3654	0.3665	0.3649H.sapiens 	0.2205	0.3292	0.2758	0.2132	0.2216	0.2168	0.2332	0.1615	0.1985	0.0	0.3626	0.2152	0.2215	0.2907	0.3152	0.1876	0.3433	0.2235	0.3456	0.332	0.156	0.1898	0.3545	0.1552	0.3438	0.3361	0.3453L.catta   	0.3339	0.2551	0.2681	0.3321	0.3403	0.3345	0.331	0.3559	0.3936	0.3626	0.0	0.3523	0.3603	0.2654	0.2615	0.4321	0.2587	0.3569	0.242	0.25	0.3425	0.4233	0.263	0.3407	0.257	0.2474	0.2458M.mulatta 	0.1953	0.3167	0.2596	0.1936	0.1925	0.1875	0.247	0.2297	0.2318	0.2152	0.3523	0.0	0.169	0.2776	0.2839	0.2399	0.3215	0.197	0.3261	0.31	0.2278	0.2345	0.3229	0.2255	0.3167	0.3292	0.3191M.sylvanus	0.1895	0.3169	0.2562	0.1872	0.1847	0.1806	0.2404	0.2235	0.2274	0.2215	0.3603	0.169	0.0	0.2869	0.2894	0.2519	0.3249	0.199	0.3265	0.3123	0.2239	0.2464	0.3321	0.2292	0.3244	0.3295	0.3309N.coucang 	0.2696	0.2686	0.247	0.2665	0.2823	0.2763	0.2591	0.2846	0.308	0.2907	0.2654	0.2776	0.2869	0.0	0.2637	0.3392	0.2793	0.2792	0.2725	0.2674	0.2773	0.3312	0.2816	0.2786	0.2745	0.2773	0.277N.larvatus	0.2698	0.2274	0.2007	0.2691	0.2692	0.2705	0.3004	0.3038	0.3358	0.3152	0.2615	0.2839	0.2894	0.2637	0.0	0.372	0.1907	0.2891	0.1931	0.1852	0.2922	0.3637	0.1865	0.2937	0.1915	0.2464	0.1951P.abelii  	0.2517	0.3892	0.3287	0.2534	0.258	0.2496	0.2603	0.2044	0.2067	0.1876	0.4321	0.2399	0.2519	0.3392	0.372	0.0	0.3939	0.2389	0.4063	0.3872	0.2199	0.1294	0.4098	0.2226	0.3995	0.391	0.4035P.badius  	0.3097	0.2333	0.2231	0.3033	0.3082	0.3089	0.3236	0.3258	0.3536	0.3433	0.2587	0.3215	0.3249	0.2793	0.1907	0.3939	0.0	0.3243	0.2043	0.2069	0.3135	0.3872	0.1898	0.315	0.1921	0.2542	0.1911P.hamadrya	0.1972	0.3172	0.251	0.2027	0.1994	0.1943	0.2481	0.2212	0.2244	0.2235	0.3569	0.197	0.199	0.2792	0.2891	0.2389	0.3243	0.0	0.3235	0.3153	0.231	0.2381	0.3278	0.2328	0.3225	0.3335	0.3203P.melaloph	0.3047	0.2136	0.2171	0.2991	0.2975	0.3023	0.3311	0.3366	0.3716	0.3456	0.242	0.3261	0.3265	0.2725	0.1931	0.4063	0.2043	0.3235	0.0	0.1792	0.3206	0.3987	0.1819	0.3265	0.1865	0.2492	0.1757P.nemaeus 	0.301	0.2221	0.2228	0.2951	0.3001	0.3007	0.3197	0.3212	0.352	0.332	0.25	0.31	0.3123	0.2674	0.1852	0.3872	0.2069	0.3153	0.1792	0.0	0.3145	0.3796	0.1858	0.3145	0.1912	0.2525	0.1888P.paniscus	0.221	0.3145	0.2554	0.2097	0.2248	0.2212	0.2201	0.1666	0.2149	0.156	0.3425	0.2278	0.2239	0.2773	0.2922	0.2199	0.3135	0.231	0.3206	0.3145	0.0	0.2111	0.3329	0.1124	0.3205	0.3114	0.3234P.pygmaeus	0.25	0.3744	0.3209	0.2427	0.2536	0.2442	0.25	0.2052	0.1977	0.1898	0.4233	0.2345	0.2464	0.3312	0.3637	0.1294	0.3872	0.2381	0.3987	0.3796	0.2111	0.0	0.4035	0.2142	0.3937	0.387	0.3904P.roxellan	0.3099	0.2324	0.2223	0.3134	0.3084	0.3143	0.3356	0.3407	0.376	0.3545	0.263	0.3229	0.3321	0.2816	0.1865	0.4098	0.1898	0.3278	0.1819	0.1858	0.3329	0.4035	0.0	0.3306	0.1847	0.2582	0.1827P.troglody	0.2223	0.3143	0.2549	0.2111	0.2273	0.2242	0.2265	0.1721	0.2102	0.1552	0.3407	0.2255	0.2292	0.2786	0.2937	0.2226	0.315	0.2328	0.3265	0.3145	0.1124	0.2142	0.3306	0.0	0.3227	0.3195	0.3214S.entellus	0.3054	0.2268	0.2218	0.3041	0.3086	0.3069	0.325	0.3307	0.3654	0.3438	0.257	0.3167	0.3244	0.2745	0.1915	0.3995	0.1921	0.3225	0.1865	0.1912	0.3205	0.3937	0.1847	0.3227	0.0	0.2561	0.1916T.bancanus	0.3154	0.2409	0.2546	0.3125	0.3143	0.3125	0.3011	0.3361	0.3665	0.3361	0.2474	0.3292	0.3295	0.2773	0.2464	0.391	0.2542	0.3335	0.2492	0.2525	0.3114	0.387	0.2582	0.3195	0.2561	0.0	0.254T.obscurus	0.3094	0.2269	0.223	0.3014	0.3019	0.3029	0.3302	0.3283	0.3649	0.3453	0.2458	0.3191	0.3309	0.277	0.1951	0.4035	0.1911	0.3203	0.1757	0.1888	0.3234	0.3904	0.1827	0.3214	0.1916	0.254	0.0