27C.aethiops	0.0	0.5398	0.3958	0.1293	0.1671	0.1162	0.4554	0.361	0.391	0.3456	0.7033	0.2589	0.3002	0.4769	0.4735	0.4116	0.6053	0.2775	0.5901	0.5523	0.367	0.4057	0.5385	0.3729	0.5383	0.6479	0.5298C.albifron	0.5398	0.0	0.432	0.5502	0.5577	0.5151	0.6868	0.5805	0.7124	0.5889	0.5058	0.5561	0.5828	0.4691	0.3865	0.7529	0.4182	0.5805	0.4047	0.4039	0.5607	0.7217	0.3888	0.5911	0.3131	0.5131	0.3705C.guereza 	0.3958	0.432	0.0	0.4355	0.4341	0.427	0.615	0.4899	0.5885	0.5144	0.555	0.4531	0.4795	0.4813	0.2936	0.6429	0.3581	0.445	0.3546	0.4097	0.4875	0.6	0.3281	0.5188	0.3742	0.525	0.3253C.pygeryth	0.1293	0.5502	0.4355	0.0	0.1266	0.1316	0.4888	0.3778	0.3924	0.3722	0.6929	0.2574	0.3052	0.4996	0.4451	0.3944	0.5529	0.2921	0.5649	0.5365	0.3299	0.3889	0.5432	0.3545	0.5466	0.617	0.5061C.sabaeus 	0.1671	0.5577	0.4341	0.1266	0.0	0.154	0.507	0.3849	0.42	0.359	0.7113	0.2687	0.2916	0.5327	0.4605	0.4126	0.5543	0.2878	0.5616	0.5375	0.383	0.4155	0.5209	0.3768	0.5589	0.6289	0.5276C.tantalus	0.1162	0.5151	0.427	0.1316	0.154	0.0	0.4496	0.3778	0.3737	0.3241	0.6794	0.2574	0.268	0.5109	0.4762	0.3649	0.5487	0.2821	0.5864	0.5535	0.3399	0.3495	0.5278	0.386	0.5381	0.5945	0.4899C.variegat	0.4554	0.6868	0.615	0.4888	0.507	0.4496	0.0	0.4379	0.4462	0.4673	0.7196	0.4721	0.4699	0.5125	0.6559	0.4695	0.6648	0.4894	0.7362	0.7368	0.4246	0.4957	0.7066	0.4287	0.6695	0.5157	0.6896G.gorilla 	0.361	0.5805	0.4899	0.3778	0.3849	0.3778	0.4379	0.0	0.3391	0.2392	0.7587	0.3774	0.4137	0.4877	0.5513	0.2872	0.6167	0.3732	0.6525	0.6286	0.1991	0.2936	0.644	0.2189	0.6528	0.6238	0.5903H.lar     	0.391	0.7124	0.5885	0.3924	0.42	0.3737	0.4462	0.3391	0.0	0.2744	0.8991	0.3469	0.3717	0.5369	0.6751	0.2756	0.7673	0.376	0.8476	0.7792	0.3468	0.301	0.7819	0.3612	0.7666	0.7878	0.7146H.sapiens 	0.3456	0.5889	0.5144	0.3722	0.359	0.3241	0.4673	0.2392	0.2744	0.0	0.7792	0.3147	0.3528	0.4958	0.5893	0.2414	0.6741	0.3748	0.7092	0.7062	0.2113	0.2483	0.6954	0.2056	0.6741	0.6858	0.6344L.catta   	0.7033	0.5058	0.555	0.6929	0.7113	0.6794	0.7196	0.7587	0.8991	0.7792	0.0	0.755	0.8181	0.4999	0.5605	1.0	0.4961	0.7674	0.4625	0.4893	0.7121	0.9643	0.5355	0.7402	0.5394	0.5466	0.4716M.mulatta 	0.2589	0.5561	0.4531	0.2574	0.2687	0.2574	0.4721	0.3774	0.3469	0.3147	0.755	0.0	0.2054	0.4725	0.5018	0.3521	0.6185	0.2745	0.6439	0.5994	0.3751	0.3498	0.5575	0.3959	0.5488	0.6711	0.559M.sylvanus	0.3002	0.5828	0.4795	0.3052	0.2916	0.268	0.4699	0.4137	0.3717	0.3528	0.8181	0.2054	0.0	0.5191	0.523	0.3854	0.6403	0.2898	0.7194	0.6324	0.3879	0.3913	0.6505	0.4569	0.6035	0.6336	0.6058N.coucang 	0.4769	0.4691	0.4813	0.4996	0.5327	0.5109	0.5125	0.4877	0.5369	0.4958	0.4999	0.4725	0.5191	0.0	0.4698	0.65	0.5267	0.5247	0.5322	0.5275	0.4655	0.6	0.5477	0.4833	0.5159	0.5088	0.4963N.larvatus	0.4735	0.3865	0.2936	0.4451	0.4605	0.4762	0.6559	0.5513	0.6751	0.5893	0.5605	0.5018	0.523	0.4698	0.0	0.7984	0.3044	0.5479	0.3159	0.3232	0.5215	0.7301	0.2668	0.5518	0.2897	0.4269	0.2769P.abelii  	0.4116	0.7529	0.6429	0.3944	0.4126	0.3649	0.4695	0.2872	0.2756	0.2414	1.0	0.3521	0.3854	0.65	0.7984	0.0	0.829	0.3878	0.9087	0.8775	0.3166	0.1253	0.876	0.3399	0.8487	0.9191	0.8356P.badius  	0.6053	0.4182	0.3581	0.5529	0.5543	0.5487	0.6648	0.6167	0.7673	0.6741	0.4961	0.6185	0.6403	0.5267	0.3044	0.829	0.0	0.6183	0.3421	0.3322	0.606	0.789	0.3079	0.6365	0.3176	0.4558	0.2838P.hamadrya	0.2775	0.5805	0.445	0.2921	0.2878	0.2821	0.4894	0.3732	0.376	0.3748	0.7674	0.2745	0.2898	0.5247	0.5479	0.3878	0.6183	0.0	0.6288	0.6052	0.3822	0.4071	0.6025	0.4344	0.5764	0.621	0.5534P.melaloph	0.5901	0.4047	0.3546	0.5649	0.5616	0.5864	0.7362	0.6525	0.8476	0.7092	0.4625	0.6439	0.7194	0.5322	0.3159	0.9087	0.3421	0.6288	0.0	0.2948	0.6528	0.8593	0.3319	0.6793	0.2996	0.4923	0.2473P.nemaeus 	0.5523	0.4039	0.4097	0.5365	0.5375	0.5535	0.7368	0.6286	0.7792	0.7062	0.4893	0.5994	0.6324	0.5275	0.3232	0.8775	0.3322	0.6052	0.2948	0.0	0.6327	0.8136	0.2788	0.6755	0.3465	0.5333	0.2776P.paniscus	0.367	0.5607	0.4875	0.3299	0.383	0.3399	0.4246	0.1991	0.3468	0.2113	0.7121	0.3751	0.3879	0.4655	0.5215	0.3166	0.606	0.3822	0.6528	0.6327	0.0	0.2943	0.6412	0.1275	0.6188	0.5607	0.5886P.pygmaeus	0.4057	0.7217	0.6	0.3889	0.4155	0.3495	0.4957	0.2936	0.301	0.2483	0.9643	0.3498	0.3913	0.6	0.7301	0.1253	0.789	0.4071	0.8593	0.8136	0.2943	0.0	0.8568	0.3261	0.823	0.8686	0.7735P.roxellan	0.5385	0.3888	0.3281	0.5432	0.5209	0.5278	0.7066	0.644	0.7819	0.6954	0.5355	0.5575	0.6505	0.5477	0.2668	0.876	0.3079	0.6025	0.3319	0.2788	0.6412	0.8568	0.0	0.6644	0.2387	0.54	0.2652P.troglody	0.3729	0.5911	0.5188	0.3545	0.3768	0.386	0.4287	0.2189	0.3612	0.2056	0.7402	0.3959	0.4569	0.4833	0.5518	0.3399	0.6365	0.4344	0.6793	0.6755	0.1275	0.3261	0.6644	0.0	0.673	0.6478	0.6326S.entellus	0.5383	0.3131	0.3742	0.5466	0.5589	0.5381	0.6695	0.6528	0.7666	0.6741	0.5394	0.5488	0.6035	0.5159	0.2897	0.8487	0.3176	0.5764	0.2996	0.3465	0.6188	0.823	0.2387	0.673	0.0	0.4904	0.2699T.bancanus	0.6479	0.5131	0.525	0.617	0.6289	0.5945	0.5157	0.6238	0.7878	0.6858	0.5466	0.6711	0.6336	0.5088	0.4269	0.9191	0.4558	0.621	0.4923	0.5333	0.5607	0.8686	0.54	0.6478	0.4904	0.0	0.4902T.obscurus	0.5298	0.3705	0.3253	0.5061	0.5276	0.4899	0.6896	0.5903	0.7146	0.6344	0.4716	0.559	0.6058	0.4963	0.2769	0.8356	0.2838	0.5534	0.2473	0.2776	0.5886	0.7735	0.2652	0.6326	0.2699	0.4902	0.0