27C.aethiops	0.0	0.7922	0.6244	0.2211	0.3194	0.2143	0.79	0.7018	0.7084	0.6895	0.878	0.6045	0.628	0.8224	0.6793	0.675	0.7155	0.6392	0.6723	0.7324	0.6878	0.7137	0.6991	0.6754	0.7341	0.8725	0.6648C.albifron	0.7922	0.0	0.761	0.8055	0.7873	0.7901	0.8607	0.794	0.8357	0.7894	0.7771	0.7735	0.7707	0.7606	0.7497	0.8361	0.7436	0.8011	0.6945	0.7494	0.7645	0.8556	0.7405	0.7695	0.7027	0.823	0.6866C.guereza 	0.6244	0.761	0.0	0.6495	0.6543	0.644	0.7693	0.7296	0.7398	0.7164	0.7608	0.6654	0.6936	0.7807	0.572	0.7644	0.5496	0.672	0.5312	0.6607	0.7126	0.7916	0.5787	0.7018	0.5774	0.8234	0.5381C.pygeryth	0.2211	0.8055	0.6495	0.0	0.3049	0.2238	0.8077	0.666	0.6852	0.6567	0.8575	0.5763	0.6338	0.8248	0.6529	0.6906	0.6888	0.6292	0.669	0.7059	0.6718	0.7393	0.7106	0.661	0.7246	0.8482	0.656C.sabaeus 	0.3194	0.7873	0.6543	0.3049	0.0	0.3152	0.7762	0.6894	0.6802	0.655	0.8525	0.5764	0.6027	0.8371	0.6435	0.6736	0.6815	0.6095	0.63	0.7053	0.6621	0.747	0.6543	0.642	0.6899	0.8141	0.6362C.tantalus	0.2143	0.7901	0.644	0.2238	0.3152	0.0	0.8085	0.7017	0.6917	0.6741	0.8647	0.5793	0.6217	0.8664	0.6548	0.695	0.676	0.6156	0.6689	0.7429	0.6788	0.7549	0.6997	0.6783	0.6871	0.8562	0.6396C.variegat	0.79	0.8607	0.7693	0.8077	0.7762	0.8085	0.0	0.7505	0.7349	0.7478	0.8181	0.7964	0.8003	0.7564	0.8279	0.6952	0.8319	0.7982	0.8391	0.858	0.7316	0.7451	0.8345	0.736	0.8431	0.7495	0.8229G.gorilla 	0.7018	0.794	0.7296	0.666	0.6894	0.7017	0.7505	0.0	0.6205	0.4612	0.9138	0.6978	0.7179	0.8123	0.7646	0.5744	0.7396	0.6986	0.7511	0.7756	0.4472	0.6118	0.789	0.4564	0.7722	0.8519	0.7277H.lar     	0.7084	0.8357	0.7398	0.6852	0.6802	0.6917	0.7349	0.6205	0.0	0.5654	0.9187	0.6822	0.7171	0.8186	0.8085	0.5951	0.7767	0.6975	0.8536	0.8533	0.5946	0.6211	0.8142	0.6048	0.8224	0.9257	0.7917H.sapiens 	0.6895	0.7894	0.7164	0.6567	0.655	0.6741	0.7478	0.4612	0.5654	0.0	0.8791	0.6683	0.6957	0.8202	0.747	0.5527	0.7909	0.7197	0.792	0.7904	0.4189	0.5763	0.7991	0.4071	0.7535	0.8493	0.7624L.catta   	0.878	0.7771	0.7608	0.8575	0.8525	0.8647	0.8181	0.9138	0.9187	0.8791	0.0	0.8941	0.9243	0.7184	0.8459	1.0	0.7826	0.9521	0.7718	0.7952	0.8174	0.9982	0.7758	0.8523	0.822	0.7731	0.7347M.mulatta 	0.6045	0.7735	0.6654	0.5763	0.5764	0.5793	0.7964	0.6978	0.6822	0.6683	0.8941	0.0	0.4786	0.8006	0.6834	0.6579	0.6928	0.5892	0.7047	0.7453	0.6924	0.6835	0.7072	0.6909	0.707	0.8636	0.6539M.sylvanus	0.628	0.7707	0.6936	0.6338	0.6027	0.6217	0.8003	0.7179	0.7171	0.6957	0.9243	0.4786	0.0	0.8181	0.6845	0.7179	0.7308	0.591	0.7278	0.7802	0.7018	0.7367	0.7354	0.7084	0.7226	0.9123	0.7066N.coucang 	0.8224	0.7606	0.7807	0.8248	0.8371	0.8664	0.7564	0.8123	0.8186	0.8202	0.7184	0.8006	0.8181	0.0	0.7762	0.8617	0.8039	0.873	0.7458	0.7806	0.8014	0.8548	0.8153	0.7891	0.8073	0.7581	0.7957N.larvatus	0.6793	0.7497	0.572	0.6529	0.6435	0.6548	0.8279	0.7646	0.8085	0.747	0.8459	0.6834	0.6845	0.7762	0.0	0.8269	0.5931	0.7189	0.5184	0.5607	0.7122	0.8114	0.5206	0.7241	0.5427	0.7722	0.4994P.abelii  	0.675	0.8361	0.7644	0.6906	0.6736	0.695	0.6952	0.5744	0.5951	0.5527	1.0	0.6579	0.7179	0.8617	0.8269	0.0	0.8026	0.6894	0.8501	0.8695	0.5826	0.3094	0.8714	0.5916	0.8573	0.8895	0.8277P.badius  	0.7155	0.7436	0.5496	0.6888	0.6815	0.676	0.8319	0.7396	0.7767	0.7909	0.7826	0.6928	0.7308	0.8039	0.5931	0.8026	0.0	0.7362	0.5627	0.6318	0.7134	0.8304	0.5538	0.7169	0.5653	0.7938	0.5499P.hamadrya	0.6392	0.8011	0.672	0.6292	0.6095	0.6156	0.7982	0.6986	0.6975	0.7197	0.9521	0.5892	0.591	0.873	0.7189	0.6894	0.7362	0.0	0.7374	0.7979	0.7007	0.7363	0.7618	0.7164	0.7386	0.8773	0.7264P.melaloph	0.6723	0.6945	0.5312	0.669	0.63	0.6689	0.8391	0.7511	0.8536	0.792	0.7718	0.7047	0.7278	0.7458	0.5184	0.8501	0.5627	0.7374	0.0	0.5226	0.7348	0.881	0.4933	0.7292	0.5263	0.7913	0.4625P.nemaeus 	0.7324	0.7494	0.6607	0.7059	0.7053	0.7429	0.858	0.7756	0.8533	0.7904	0.7952	0.7453	0.7802	0.7806	0.5607	0.8695	0.6318	0.7979	0.5226	0.0	0.7737	0.8743	0.537	0.7761	0.5936	0.8038	0.553P.paniscus	0.6878	0.7645	0.7126	0.6718	0.6621	0.6788	0.7316	0.4472	0.5946	0.4189	0.8174	0.6924	0.7018	0.8014	0.7122	0.5826	0.7134	0.7007	0.7348	0.7737	0.0	0.6037	0.7611	0.2418	0.7388	0.7633	0.7189P.pygmaeus	0.7137	0.8556	0.7916	0.7393	0.747	0.7549	0.7451	0.6118	0.6211	0.5763	0.9982	0.6835	0.7367	0.8548	0.8114	0.3094	0.8304	0.7363	0.881	0.8743	0.6037	0.0	0.8984	0.6268	0.8793	0.9361	0.8457P.roxellan	0.6991	0.7405	0.5787	0.7106	0.6543	0.6997	0.8345	0.789	0.8142	0.7991	0.7758	0.7072	0.7354	0.8153	0.5206	0.8714	0.5538	0.7618	0.4933	0.537	0.7611	0.8984	0.0	0.759	0.506	0.7959	0.5061P.troglody	0.6754	0.7695	0.7018	0.661	0.642	0.6783	0.736	0.4564	0.6048	0.4071	0.8523	0.6909	0.7084	0.7891	0.7241	0.5916	0.7169	0.7164	0.7292	0.7761	0.2418	0.6268	0.759	0.0	0.7519	0.789	0.7347S.entellus	0.7341	0.7027	0.5774	0.7246	0.6899	0.6871	0.8431	0.7722	0.8224	0.7535	0.822	0.707	0.7226	0.8073	0.5427	0.8573	0.5653	0.7386	0.5263	0.5936	0.7388	0.8793	0.506	0.7519	0.0	0.8085	0.502T.bancanus	0.8725	0.823	0.8234	0.8482	0.8141	0.8562	0.7495	0.8519	0.9257	0.8493	0.7731	0.8636	0.9123	0.7581	0.7722	0.8895	0.7938	0.8773	0.7913	0.8038	0.7633	0.9361	0.7959	0.789	0.8085	0.0	0.798T.obscurus	0.6648	0.6866	0.5381	0.656	0.6362	0.6396	0.8229	0.7277	0.7917	0.7624	0.7347	0.6539	0.7066	0.7957	0.4994	0.8277	0.5499	0.7264	0.4625	0.553	0.7189	0.8457	0.5061	0.7347	0.502	0.798	0.0