27C.aethiops	0.0	0.3713	0.1555	0.0112	0.0118	0.0084	0.0924	0.0637	0.134	0.0827	0.4651	0.0273	0.0252	0.2242	0.319	0.1646	0.4568	0.0535	0.4655	0.392	0.079	0.1446	0.4462	0.0677	0.4499	0.3493	0.4424C.albifron	0.3713	0.0	0.1019	0.3336	0.3773	0.3747	0.3885	0.4358	0.6579	0.534	0.1234	0.4125	0.3922	0.1742	0.068	0.8285	0.1018	0.419	0.0751	0.071	0.397	0.748	0.0925	0.4124	0.0983	0.1106	0.0796C.guereza 	0.1555	0.1019	0.0	0.1327	0.1577	0.1602	0.1789	0.1895	0.352	0.2454	0.1481	0.1824	0.177	0.1058	0.0577	0.4611	0.1152	0.1913	0.1299	0.0872	0.1645	0.407	0.1267	0.1705	0.1133	0.1162	0.1091C.pygeryth	0.0112	0.3336	0.1327	0.0	0.0144	0.0084	0.091	0.0623	0.1426	0.0834	0.4335	0.0317	0.0322	0.2066	0.2835	0.1783	0.4156	0.0616	0.4273	0.3589	0.0668	0.1496	0.4158	0.0611	0.4102	0.3131	0.4016C.sabaeus 	0.0118	0.3773	0.1577	0.0144	0.0	0.01	0.1154	0.0839	0.1598	0.0982	0.457	0.0323	0.0294	0.2475	0.3089	0.1912	0.4483	0.0678	0.4537	0.3867	0.0908	0.1685	0.4374	0.083	0.4429	0.3431	0.4377C.tantalus	0.0084	0.3747	0.1602	0.0084	0.01	0.0	0.1032	0.0731	0.1442	0.0831	0.4658	0.028	0.0258	0.2415	0.318	0.1737	0.4674	0.0609	0.4697	0.3953	0.0753	0.1479	0.4524	0.0667	0.4586	0.3476	0.448C.variegat	0.0924	0.3885	0.1789	0.091	0.1154	0.1032	0.0	0.0741	0.1193	0.0995	0.4357	0.0859	0.0928	0.1802	0.3367	0.1817	0.4508	0.0839	0.4868	0.4063	0.0936	0.1494	0.4732	0.0826	0.4614	0.3121	0.4567G.gorilla 	0.0637	0.4358	0.1895	0.0623	0.0839	0.0731	0.0741	0.0	0.0637	0.0228	0.5276	0.0574	0.0612	0.2315	0.3714	0.0941	0.483	0.0597	0.5467	0.4526	0.0313	0.0742	0.5167	0.0232	0.4925	0.3986	0.4963H.lar     	0.134	0.6579	0.352	0.1426	0.1598	0.1442	0.1193	0.0637	0.0	0.0502	0.7839	0.0939	0.1059	0.4083	0.5874	0.0452	0.7259	0.0824	0.8224	0.7007	0.1035	0.037	0.7749	0.0788	0.7328	0.611	0.7479H.sapiens 	0.0827	0.534	0.2454	0.0834	0.0982	0.0831	0.0995	0.0228	0.0502	0.0	0.6355	0.0637	0.0736	0.326	0.4572	0.053	0.5946	0.0643	0.6618	0.5506	0.0318	0.0404	0.6257	0.0227	0.5954	0.4789	0.6063L.catta   	0.4651	0.1234	0.1481	0.4335	0.457	0.4658	0.4357	0.5276	0.7839	0.6355	0.0	0.4903	0.4945	0.1646	0.0898	0.9654	0.1061	0.54	0.0655	0.0675	0.4836	0.8882	0.1055	0.501	0.1162	0.0873	0.0997M.mulatta 	0.0273	0.4125	0.1824	0.0317	0.0323	0.028	0.0859	0.0574	0.0939	0.0637	0.4903	0.0	0.0163	0.2404	0.3442	0.1349	0.4826	0.0463	0.513	0.428	0.0772	0.1159	0.4884	0.0624	0.4758	0.3743	0.4807M.sylvanus	0.0252	0.3922	0.177	0.0322	0.0294	0.0258	0.0928	0.0612	0.1059	0.0736	0.4945	0.0163	0.0	0.2421	0.3385	0.1492	0.4912	0.0389	0.5086	0.4278	0.0748	0.1264	0.4952	0.0642	0.4765	0.3739	0.4824N.coucang 	0.2242	0.1742	0.1058	0.2066	0.2475	0.2415	0.1802	0.2315	0.4083	0.326	0.1646	0.2404	0.2421	0.0	0.1545	0.5451	0.1953	0.2504	0.1893	0.1602	0.2532	0.4824	0.2029	0.2578	0.1877	0.1747	0.1889N.larvatus	0.319	0.068	0.0577	0.2835	0.3089	0.318	0.3367	0.3714	0.5874	0.4572	0.0898	0.3442	0.3385	0.1545	0.0	0.742	0.0449	0.3738	0.0586	0.027	0.331	0.6745	0.049	0.3509	0.0546	0.072	0.0461P.abelii  	0.1646	0.8285	0.4611	0.1783	0.1912	0.1737	0.1817	0.0941	0.0452	0.053	0.9654	0.1349	0.1492	0.5451	0.742	0.0	0.8957	0.1309	1.0	0.8698	0.1243	0.0134	0.9575	0.1058	0.9144	0.7548	0.9337P.badius  	0.4568	0.1018	0.1152	0.4156	0.4483	0.4674	0.4508	0.483	0.7259	0.5946	0.1061	0.4826	0.4912	0.1953	0.0449	0.8957	0.0	0.5173	0.058	0.0461	0.4558	0.8202	0.0484	0.4759	0.0473	0.1143	0.0383P.hamadrya	0.0535	0.419	0.1913	0.0616	0.0678	0.0609	0.0839	0.0597	0.0824	0.0643	0.54	0.0463	0.0389	0.2504	0.3738	0.1309	0.5173	0.0	0.5407	0.4555	0.0722	0.1129	0.525	0.0652	0.495	0.4202	0.5048P.melaloph	0.4655	0.0751	0.1299	0.4273	0.4537	0.4697	0.4868	0.5467	0.8224	0.6618	0.0655	0.513	0.5086	0.1893	0.0586	1.0	0.058	0.5407	0.0	0.0254	0.5027	0.9121	0.0368	0.5266	0.0502	0.1204	0.0356P.nemaeus 	0.392	0.071	0.0872	0.3589	0.3867	0.3953	0.4063	0.4526	0.7007	0.5506	0.0675	0.428	0.4278	0.1602	0.027	0.8698	0.0461	0.4555	0.0254	0.0	0.415	0.7935	0.0241	0.4351	0.0355	0.1056	0.0308P.paniscus	0.079	0.397	0.1645	0.0668	0.0908	0.0753	0.0936	0.0313	0.1035	0.0318	0.4836	0.0772	0.0748	0.2532	0.331	0.1243	0.4558	0.0722	0.5027	0.415	0.0	0.0951	0.4909	0.0095	0.4713	0.3311	0.4606P.pygmaeus	0.1446	0.748	0.407	0.1496	0.1685	0.1479	0.1494	0.0742	0.037	0.0404	0.8882	0.1159	0.1264	0.4824	0.6745	0.0134	0.8202	0.1129	0.9121	0.7935	0.0951	0.0	0.879	0.0777	0.8367	0.6837	0.8415P.roxellan	0.4462	0.0925	0.1267	0.4158	0.4374	0.4524	0.4732	0.5167	0.7749	0.6257	0.1055	0.4884	0.4952	0.2029	0.049	0.9575	0.0484	0.525	0.0368	0.0241	0.4909	0.879	0.0	0.5102	0.0422	0.1305	0.0268P.troglody	0.0677	0.4124	0.1705	0.0611	0.083	0.0667	0.0826	0.0232	0.0788	0.0227	0.501	0.0624	0.0642	0.2578	0.3509	0.1058	0.4759	0.0652	0.5266	0.4351	0.0095	0.0777	0.5102	0.0	0.4907	0.3531	0.4829S.entellus	0.4499	0.0983	0.1133	0.4102	0.4429	0.4586	0.4614	0.4925	0.7328	0.5954	0.1162	0.4758	0.4765	0.1877	0.0546	0.9144	0.0473	0.495	0.0502	0.0355	0.4713	0.8367	0.0422	0.4907	0.0	0.1444	0.0313T.bancanus	0.3493	0.1106	0.1162	0.3131	0.3431	0.3476	0.3121	0.3986	0.611	0.4789	0.0873	0.3743	0.3739	0.1747	0.072	0.7548	0.1143	0.4202	0.1204	0.1056	0.3311	0.6837	0.1305	0.3531	0.1444	0.0	0.1151T.obscurus	0.4424	0.0796	0.1091	0.4016	0.4377	0.448	0.4567	0.4963	0.7479	0.6063	0.0997	0.4807	0.4824	0.1889	0.0461	0.9337	0.0383	0.5048	0.0356	0.0308	0.4606	0.8415	0.0268	0.4829	0.0313	0.1151	0.0