27C.aethiops	0.0	0.3045	0.1321	0.002	0.0018	0.0017	0.0469	0.0438	0.1116	0.0596	0.4258	0.0093	0.0059	0.203	0.2882	0.1413	0.4213	0.0236	0.4517	0.3706	0.039	0.1191	0.426	0.0379	0.4264	0.2774	0.4199C.albifron	0.3045	0.0	0.0534	0.2719	0.2955	0.3053	0.3145	0.3782	0.613	0.4738	0.0464	0.3442	0.3335	0.096	0.0233	0.7614	0.046	0.3619	0.0301	0.0201	0.3377	0.6974	0.0267	0.3607	0.0479	0.0332	0.0359C.guereza 	0.1321	0.0534	0.0	0.1113	0.1291	0.1367	0.1386	0.1673	0.3353	0.231	0.1139	0.1501	0.1482	0.0615	0.0402	0.4411	0.0914	0.1669	0.1196	0.074	0.1472	0.392	0.0932	0.1578	0.093	0.0533	0.0931C.pygeryth	0.002	0.2719	0.1113	0.0	0.0031	0.0021	0.0461	0.0426	0.1193	0.0624	0.3955	0.0133	0.0089	0.1838	0.2598	0.1562	0.3874	0.0249	0.4156	0.3387	0.0349	0.129	0.3901	0.0343	0.3904	0.2485	0.3827C.sabaeus 	0.0018	0.2955	0.1291	0.0031	0.0	0.0019	0.0629	0.0563	0.1336	0.0739	0.4117	0.0137	0.0098	0.2062	0.2778	0.1623	0.4121	0.034	0.4365	0.3599	0.0476	0.1381	0.4151	0.0483	0.4177	0.2693	0.41C.tantalus	0.0017	0.3053	0.1367	0.0021	0.0019	0.0	0.0543	0.0502	0.1194	0.0629	0.4331	0.0138	0.0083	0.2144	0.2936	0.147	0.4346	0.0262	0.4571	0.3778	0.0389	0.1228	0.434	0.0395	0.4374	0.2803	0.4286C.variegat	0.0469	0.3145	0.1386	0.0461	0.0629	0.0543	0.0	0.0416	0.0881	0.0614	0.4256	0.0455	0.0401	0.156	0.2991	0.149	0.418	0.0344	0.4718	0.3749	0.0526	0.1227	0.4254	0.0465	0.4177	0.2761	0.4209G.gorilla 	0.0438	0.3782	0.1673	0.0426	0.0563	0.0502	0.0416	0.0	0.0474	0.0118	0.5063	0.0297	0.0346	0.2206	0.3523	0.0819	0.4651	0.0237	0.5372	0.4363	0.0134	0.0593	0.4892	0.0076	0.4623	0.3424	0.473H.lar     	0.1116	0.613	0.3353	0.1193	0.1336	0.1194	0.0881	0.0474	0.0	0.0273	0.7864	0.0716	0.0797	0.4022	0.5809	0.0233	0.728	0.0497	0.8331	0.6973	0.0753	0.0193	0.7615	0.0568	0.7201	0.5732	0.7452H.sapiens 	0.0596	0.4738	0.231	0.0624	0.0739	0.0629	0.0614	0.0118	0.0273	0.0	0.6203	0.0388	0.0457	0.3099	0.4444	0.0415	0.5822	0.0284	0.6604	0.5442	0.0194	0.0276	0.6046	0.0123	0.5762	0.4345	0.5918L.catta   	0.4258	0.0464	0.1139	0.3955	0.4117	0.4331	0.4256	0.5063	0.7864	0.6203	0.0	0.4656	0.4606	0.123	0.0303	0.9511	0.0389	0.508	0.0213	0.0145	0.4691	0.8854	0.0212	0.4972	0.0439	0.0436	0.0398M.mulatta 	0.0093	0.3442	0.1501	0.0133	0.0137	0.0138	0.0455	0.0297	0.0716	0.0388	0.4656	0.0	0.0024	0.2216	0.3186	0.1057	0.4493	0.014	0.5019	0.4063	0.0353	0.0894	0.4646	0.0301	0.4511	0.3177	0.4604M.sylvanus	0.0059	0.3335	0.1482	0.0089	0.0098	0.0083	0.0401	0.0346	0.0797	0.0457	0.4606	0.0024	0.0	0.2141	0.3151	0.1158	0.4507	0.0125	0.4936	0.403	0.0361	0.096	0.4609	0.0333	0.453	0.3089	0.4563N.coucang 	0.203	0.096	0.0615	0.1838	0.2062	0.2144	0.156	0.2206	0.4022	0.3099	0.123	0.2216	0.2141	0.0	0.0991	0.5435	0.1327	0.2247	0.1458	0.1043	0.2345	0.483	0.1257	0.2431	0.1197	0.1091	0.1255N.larvatus	0.2882	0.0233	0.0402	0.2598	0.2778	0.2936	0.2991	0.3523	0.5809	0.4444	0.0303	0.3186	0.3151	0.0991	0.0	0.7228	0.0282	0.3477	0.0344	0.0137	0.3148	0.6647	0.0211	0.3365	0.0314	0.0189	0.0264P.abelii  	0.1413	0.7614	0.4411	0.1562	0.1623	0.147	0.149	0.0819	0.0233	0.0415	0.9511	0.1057	0.1158	0.5435	0.7228	0.0	0.8908	0.0928	1.0	0.8566	0.1029	0.0053	0.9294	0.0848	0.8947	0.7056	0.9119P.badius  	0.4213	0.046	0.0914	0.3874	0.4121	0.4346	0.418	0.4651	0.728	0.5822	0.0389	0.4493	0.4507	0.1327	0.0282	0.8908	0.0	0.4868	0.0283	0.0189	0.4425	0.8252	0.0103	0.4619	0.0141	0.0579	0.0136P.hamadrya	0.0236	0.3619	0.1669	0.0249	0.034	0.0262	0.0344	0.0237	0.0497	0.0284	0.508	0.014	0.0125	0.2247	0.3477	0.0928	0.4868	0.0	0.5334	0.4359	0.0289	0.0734	0.4929	0.0255	0.4721	0.3488	0.481P.melaloph	0.4517	0.0301	0.1196	0.4156	0.4365	0.4571	0.4718	0.5372	0.8331	0.6604	0.0213	0.5019	0.4936	0.1458	0.0344	1.0	0.0283	0.5334	0.0	0.0102	0.4967	0.9261	0.0083	0.5263	0.0276	0.0579	0.0138P.nemaeus 	0.3706	0.0201	0.074	0.3387	0.3599	0.3778	0.3749	0.4363	0.6973	0.5442	0.0145	0.4063	0.403	0.1043	0.0137	0.8566	0.0189	0.4359	0.0102	0.0	0.4041	0.7913	0.0053	0.4272	0.0156	0.0368	0.0137P.paniscus	0.039	0.3377	0.1472	0.0349	0.0476	0.0389	0.0526	0.0134	0.0753	0.0194	0.4691	0.0353	0.0361	0.2345	0.3148	0.1029	0.4425	0.0289	0.4967	0.4041	0.0	0.0803	0.4562	0.0038	0.4435	0.2965	0.444P.pygmaeus	0.1191	0.6974	0.392	0.129	0.1381	0.1228	0.1227	0.0593	0.0193	0.0276	0.8854	0.0894	0.096	0.483	0.6647	0.0053	0.8252	0.0734	0.9261	0.7913	0.0803	0.0	0.8595	0.0631	0.8242	0.6482	0.8386P.roxellan	0.426	0.0267	0.0932	0.3901	0.4151	0.434	0.4254	0.4892	0.7615	0.6046	0.0212	0.4646	0.4609	0.1257	0.0211	0.9294	0.0103	0.4929	0.0083	0.0053	0.4562	0.8595	0.0	0.4797	0.0108	0.0484	0.0055P.troglody	0.0379	0.3607	0.1578	0.0343	0.0483	0.0395	0.0465	0.0076	0.0568	0.0123	0.4972	0.0301	0.0333	0.2431	0.3365	0.0848	0.4619	0.0255	0.5263	0.4272	0.0038	0.0631	0.4797	0.0	0.4626	0.3175	0.4664S.entellus	0.4264	0.0479	0.093	0.3904	0.4177	0.4374	0.4177	0.4623	0.7201	0.5762	0.0439	0.4511	0.453	0.1197	0.0314	0.8947	0.0141	0.4721	0.0276	0.0156	0.4435	0.8242	0.0108	0.4626	0.0	0.0775	0.009T.bancanus	0.2774	0.0332	0.0533	0.2485	0.2693	0.2803	0.2761	0.3424	0.5732	0.4345	0.0436	0.3177	0.3089	0.1091	0.0189	0.7056	0.0579	0.3488	0.0579	0.0368	0.2965	0.6482	0.0484	0.3175	0.0775	0.0	0.0572T.obscurus	0.4199	0.0359	0.0931	0.3827	0.41	0.4286	0.4209	0.473	0.7452	0.5918	0.0398	0.4604	0.4563	0.1255	0.0264	0.9119	0.0136	0.481	0.0138	0.0137	0.444	0.8386	0.0055	0.4664	0.009	0.0572	0.0