27C.aethiops	0.0	0.3742	0.1531	0.008	0.0062	0.0052	0.0521	0.046	0.0876	0.0616	0.4607	0.0166	0.0135	0.1792	0.3392	0.1408	0.4911	0.0301	0.4792	0.4179	0.0529	0.1276	0.4825	0.0515	0.4773	0.3422	0.4749C.albifron	0.3742	0.0	0.0877	0.3424	0.3676	0.379	0.3637	0.4522	0.6317	0.5432	0.0858	0.4064	0.3949	0.1464	0.0421	0.841	0.0753	0.4143	0.0472	0.0415	0.3947	0.7719	0.0561	0.4174	0.0646	0.059	0.0558C.guereza 	0.1531	0.0877	0.0	0.136	0.149	0.1608	0.1429	0.1876	0.3131	0.2396	0.125	0.1709	0.1706	0.0682	0.0557	0.4505	0.1168	0.1787	0.1132	0.0853	0.1549	0.4056	0.1201	0.1672	0.1102	0.081	0.1063C.pygeryth	0.008	0.3424	0.136	0.0	0.0086	0.0056	0.0516	0.046	0.0953	0.0638	0.4401	0.0213	0.0201	0.1698	0.3118	0.1493	0.4586	0.0367	0.4457	0.3884	0.0468	0.1302	0.4533	0.0482	0.4422	0.3199	0.4398C.sabaeus 	0.0062	0.3676	0.149	0.0086	0.0	0.0058	0.0624	0.0606	0.1038	0.0731	0.45	0.019	0.0145	0.19	0.3256	0.1609	0.4804	0.0386	0.4635	0.4055	0.0616	0.1438	0.4708	0.0614	0.4652	0.3356	0.4634C.tantalus	0.0052	0.379	0.1608	0.0056	0.0058	0.0	0.0584	0.0532	0.0919	0.0638	0.4729	0.0184	0.0143	0.1948	0.3459	0.1451	0.5081	0.0346	0.4873	0.4261	0.0536	0.1268	0.4917	0.0528	0.4902	0.3519	0.4838C.variegat	0.0521	0.3637	0.1429	0.0516	0.0624	0.0584	0.0	0.0451	0.0784	0.0648	0.4195	0.0483	0.0518	0.1445	0.3176	0.148	0.4377	0.0515	0.4612	0.3954	0.0487	0.1243	0.4616	0.0502	0.4463	0.2939	0.4402G.gorilla 	0.046	0.4522	0.1876	0.046	0.0606	0.0532	0.0451	0.0	0.0374	0.0136	0.5433	0.0431	0.0501	0.2183	0.4007	0.0724	0.5247	0.0467	0.5593	0.4835	0.0177	0.0598	0.5497	0.0162	0.5272	0.3978	0.5263H.lar     	0.0876	0.6317	0.3131	0.0953	0.1038	0.0919	0.0784	0.0374	0.0	0.0283	0.7448	0.0674	0.0738	0.3465	0.5781	0.0369	0.7318	0.0613	0.7806	0.6873	0.0603	0.0274	0.7676	0.0504	0.7349	0.5683	0.7352H.sapiens 	0.0616	0.5432	0.2396	0.0638	0.0731	0.0638	0.0648	0.0136	0.0283	0.0	0.6418	0.0519	0.0618	0.2896	0.4868	0.0428	0.6317	0.052	0.6603	0.5786	0.0213	0.0327	0.6545	0.0166	0.629	0.4816	0.6279L.catta   	0.4607	0.0858	0.125	0.4401	0.45	0.4729	0.4195	0.5433	0.7448	0.6418	0.0	0.4781	0.4864	0.1365	0.0643	0.9718	0.0725	0.5241	0.0425	0.0462	0.4922	0.9089	0.0693	0.5108	0.0749	0.0558	0.0682M.mulatta 	0.0166	0.4064	0.1709	0.0213	0.019	0.0184	0.0483	0.0431	0.0674	0.0519	0.4781	0.0	0.0086	0.1901	0.3588	0.1242	0.5107	0.0338	0.5119	0.4419	0.0538	0.1092	0.5154	0.0487	0.4982	0.364	0.5038M.sylvanus	0.0135	0.3949	0.1706	0.0201	0.0145	0.0143	0.0518	0.0501	0.0738	0.0618	0.4864	0.0086	0.0	0.1979	0.3579	0.1361	0.5207	0.027	0.5119	0.4445	0.0572	0.1189	0.5196	0.0554	0.5029	0.366	0.5072N.coucang 	0.1792	0.1464	0.0682	0.1698	0.19	0.1948	0.1445	0.2183	0.3465	0.2896	0.1365	0.1901	0.1979	0.0	0.1234	0.4936	0.1798	0.211	0.1722	0.1451	0.2144	0.4533	0.1862	0.2254	0.1753	0.126	0.1794N.larvatus	0.3392	0.0421	0.0557	0.3118	0.3256	0.3459	0.3176	0.4007	0.5781	0.4868	0.0643	0.3588	0.3579	0.1234	0.0	0.7729	0.034	0.3843	0.0317	0.0154	0.3549	0.7124	0.0319	0.3783	0.0361	0.048	0.0308P.abelii  	0.1408	0.841	0.4505	0.1493	0.1609	0.1451	0.148	0.0724	0.0369	0.0428	0.9718	0.1242	0.1361	0.4936	0.7729	0.0	0.9412	0.1186	1.0	0.901	0.0967	0.0083	0.9926	0.0881	0.9527	0.7551	0.9582P.badius  	0.4911	0.0753	0.1168	0.4586	0.4804	0.5081	0.4377	0.5247	0.7318	0.6317	0.0725	0.5107	0.5207	0.1798	0.034	0.9412	0.0	0.5414	0.0364	0.032	0.4787	0.8749	0.0331	0.5046	0.0323	0.0668	0.0266P.hamadrya	0.0301	0.4143	0.1787	0.0367	0.0386	0.0346	0.0515	0.0467	0.0613	0.052	0.5241	0.0338	0.027	0.211	0.3843	0.1186	0.5414	0.0	0.5392	0.4708	0.0492	0.1017	0.5485	0.05	0.5236	0.3987	0.5226P.melaloph	0.4792	0.0472	0.1132	0.4457	0.4635	0.4873	0.4612	0.5593	0.7806	0.6603	0.0425	0.5119	0.5119	0.1722	0.0317	1.0	0.0364	0.5392	0.0	0.0126	0.4973	0.9285	0.0207	0.5236	0.0295	0.0652	0.0223P.nemaeus 	0.4179	0.0415	0.0853	0.3884	0.4055	0.4261	0.3954	0.4835	0.6873	0.5786	0.0462	0.4419	0.4445	0.1451	0.0154	0.901	0.032	0.4708	0.0126	0.0	0.4339	0.8344	0.015	0.4573	0.0238	0.0597	0.0211P.paniscus	0.0529	0.3947	0.1549	0.0468	0.0616	0.0536	0.0487	0.0177	0.0603	0.0213	0.4922	0.0538	0.0572	0.2144	0.3549	0.0967	0.4787	0.0492	0.4973	0.4339	0.0	0.0749	0.4999	0.0058	0.4859	0.3389	0.4711P.pygmaeus	0.1276	0.7719	0.4056	0.1302	0.1438	0.1268	0.1243	0.0598	0.0274	0.0327	0.9089	0.1092	0.1189	0.4533	0.7124	0.0083	0.8749	0.1017	0.9285	0.8344	0.0749	0.0	0.923	0.067	0.8866	0.6964	0.8801P.roxellan	0.4825	0.0561	0.1201	0.4533	0.4708	0.4917	0.4616	0.5497	0.7676	0.6545	0.0693	0.5154	0.5196	0.1862	0.0319	0.9926	0.0331	0.5485	0.0207	0.015	0.4999	0.923	0.0	0.5262	0.0295	0.0758	0.0171P.troglody	0.0515	0.4174	0.1672	0.0482	0.0614	0.0528	0.0502	0.0162	0.0504	0.0166	0.5108	0.0487	0.0554	0.2254	0.3783	0.0881	0.5046	0.05	0.5236	0.4573	0.0058	0.067	0.5262	0.0	0.5107	0.3585	0.499S.entellus	0.4773	0.0646	0.1102	0.4422	0.4652	0.4902	0.4463	0.5272	0.7349	0.629	0.0749	0.4982	0.5029	0.1753	0.0361	0.9527	0.0323	0.5236	0.0295	0.0238	0.4859	0.8866	0.0295	0.5107	0.0	0.085	0.0233T.bancanus	0.3422	0.059	0.081	0.3199	0.3356	0.3519	0.2939	0.3978	0.5683	0.4816	0.0558	0.364	0.366	0.126	0.048	0.7551	0.0668	0.3987	0.0652	0.0597	0.3389	0.6964	0.0758	0.3585	0.085	0.0	0.0683T.obscurus	0.4749	0.0558	0.1063	0.4398	0.4634	0.4838	0.4402	0.5263	0.7352	0.6279	0.0682	0.5038	0.5072	0.1794	0.0308	0.9582	0.0266	0.5226	0.0223	0.0211	0.4711	0.8801	0.0171	0.499	0.0233	0.0683	0.0