27C.aethiops	0.0	0.6593	0.5202	0.1117	0.1643	0.0917	0.667	0.5427	0.5409	0.52	0.8674	0.3967	0.4032	0.7969	0.5329	0.5111	0.5938	0.4026	0.5407	0.5649	0.5162	0.5181	0.5801	0.5263	0.6001	0.7883	0.5661C.albifron	0.6593	0.0	0.6146	0.6597	0.658	0.6604	0.7228	0.6766	0.7013	0.6495	0.7618	0.6794	0.655	0.849	0.5889	0.7161	0.5999	0.692	0.5904	0.5948	0.6449	0.715	0.5998	0.6515	0.5909	0.7077	0.6152C.guereza 	0.5202	0.6146	0.0	0.5018	0.5029	0.5103	0.7069	0.5724	0.6193	0.574	0.7918	0.5364	0.5161	0.8252	0.4244	0.6074	0.4201	0.5223	0.4369	0.4582	0.5504	0.61	0.4406	0.5623	0.4584	0.7167	0.4402C.pygeryth	0.1117	0.6597	0.5018	0.0	0.1681	0.1075	0.6532	0.5282	0.5271	0.5106	0.8656	0.3916	0.3928	0.8228	0.5126	0.5293	0.5737	0.405	0.53	0.5489	0.5037	0.5383	0.5755	0.5149	0.5713	0.793	0.5488C.sabaeus 	0.1643	0.658	0.5029	0.1681	0.0	0.1638	0.6448	0.538	0.5266	0.5088	0.8566	0.3852	0.3835	0.7862	0.5299	0.5233	0.5601	0.3935	0.5313	0.5547	0.5057	0.5283	0.5627	0.5175	0.561	0.7911	0.5396C.tantalus	0.0917	0.6604	0.5103	0.1075	0.1638	0.0	0.65	0.5392	0.5351	0.5135	0.8792	0.385	0.3836	0.8156	0.5241	0.5144	0.5798	0.4011	0.5372	0.5633	0.5106	0.517	0.5726	0.5267	0.592	0.7806	0.5453C.variegat	0.667	0.7228	0.7069	0.6532	0.6448	0.65	0.0	0.659	0.6775	0.6445	0.6879	0.6792	0.6712	0.8522	0.718	0.6564	0.7609	0.6625	0.7513	0.7872	0.6319	0.6524	0.7591	0.6519	0.7731	0.7723	0.7554G.gorilla 	0.5427	0.6766	0.5724	0.5282	0.538	0.5392	0.659	0.0	0.4472	0.2861	0.9314	0.5274	0.5288	0.8276	0.6118	0.3957	0.6345	0.5268	0.5998	0.65	0.2804	0.4066	0.638	0.2894	0.6568	0.7947	0.6414H.lar     	0.5409	0.7013	0.6193	0.5271	0.5266	0.5351	0.6775	0.4472	0.0	0.4165	0.9344	0.5266	0.5026	0.8343	0.6499	0.4388	0.6695	0.5276	0.6709	0.6921	0.4205	0.4351	0.6847	0.4282	0.6945	0.8468	0.672H.sapiens 	0.52	0.6495	0.574	0.5106	0.5088	0.5135	0.6445	0.2861	0.4165	0.0	0.8943	0.5057	0.509	0.8259	0.6136	0.3728	0.6381	0.5251	0.6398	0.6465	0.2349	0.3885	0.6483	0.233	0.6587	0.7835	0.6487L.catta   	0.8674	0.7618	0.7918	0.8656	0.8566	0.8792	0.6879	0.9314	0.9344	0.8943	0.0	0.9238	0.9253	0.9401	0.7923	1.0	0.7995	0.9281	0.784	0.8067	0.8759	0.9872	0.8151	0.8705	0.8161	0.8341	0.7859M.mulatta 	0.3967	0.6794	0.5364	0.3916	0.3852	0.385	0.6792	0.5274	0.5266	0.5057	0.9238	0.0	0.2857	0.7893	0.5385	0.5121	0.5931	0.3943	0.5654	0.582	0.5077	0.4957	0.5804	0.5186	0.5857	0.8137	0.5754M.sylvanus	0.4032	0.655	0.5161	0.3928	0.3835	0.3836	0.6712	0.5288	0.5026	0.509	0.9253	0.2857	0.0	0.8147	0.54	0.5277	0.596	0.3857	0.5574	0.5897	0.5021	0.5169	0.5554	0.5215	0.5822	0.8136	0.567N.coucang 	0.7969	0.849	0.8252	0.8228	0.7862	0.8156	0.8522	0.8276	0.8343	0.8259	0.9401	0.7893	0.8147	0.0	0.8401	0.8446	0.8522	0.825	0.808	0.8466	0.8096	0.8151	0.8559	0.8054	0.8842	0.8397	0.8789N.larvatus	0.5329	0.5889	0.4244	0.5126	0.5299	0.5241	0.718	0.6118	0.6499	0.6136	0.7923	0.5385	0.54	0.8401	0.0	0.6801	0.4076	0.5376	0.3698	0.3574	0.5966	0.6444	0.335	0.6209	0.3806	0.693	0.3675P.abelii  	0.5111	0.7161	0.6074	0.5293	0.5233	0.5144	0.6564	0.3957	0.4388	0.3728	1.0	0.5121	0.5277	0.8446	0.6801	0.0	0.7199	0.5144	0.6895	0.7361	0.4006	0.1671	0.721	0.4175	0.7279	0.8435	0.7329P.badius  	0.5938	0.5999	0.4201	0.5737	0.5601	0.5798	0.7609	0.6345	0.6695	0.6381	0.7995	0.5931	0.596	0.8522	0.4076	0.7199	0.0	0.5917	0.4214	0.4234	0.5902	0.7208	0.4062	0.603	0.4362	0.7073	0.4008P.hamadrya	0.4026	0.692	0.5223	0.405	0.3935	0.4011	0.6625	0.5268	0.5276	0.5251	0.9281	0.3943	0.3857	0.825	0.5376	0.5144	0.5917	0.0	0.5789	0.5922	0.5211	0.523	0.5885	0.5331	0.5904	0.8099	0.5905P.melaloph	0.5407	0.5904	0.4369	0.53	0.5313	0.5372	0.7513	0.5998	0.6709	0.6398	0.784	0.5654	0.5574	0.808	0.3698	0.6895	0.4214	0.5789	0.0	0.4076	0.5856	0.6884	0.3711	0.607	0.3905	0.6961	0.3565P.nemaeus 	0.5649	0.5948	0.4582	0.5489	0.5547	0.5633	0.7872	0.65	0.6921	0.6465	0.8067	0.582	0.5897	0.8466	0.3574	0.7361	0.4234	0.5922	0.4076	0.0	0.6202	0.7133	0.3582	0.6406	0.4207	0.7426	0.4055P.paniscus	0.5162	0.6449	0.5504	0.5037	0.5057	0.5106	0.6319	0.2804	0.4205	0.2349	0.8759	0.5077	0.5021	0.8096	0.5966	0.4006	0.5902	0.5211	0.5856	0.6202	0.0	0.3995	0.6222	0.1106	0.6347	0.7213	0.6049P.pygmaeus	0.5181	0.715	0.61	0.5383	0.5283	0.517	0.6524	0.4066	0.4351	0.3885	0.9872	0.4957	0.5169	0.8151	0.6444	0.1671	0.7208	0.523	0.6884	0.7133	0.3995	0.0	0.7062	0.414	0.7393	0.8431	0.7048P.roxellan	0.5801	0.5998	0.4406	0.5755	0.5627	0.5726	0.7591	0.638	0.6847	0.6483	0.8151	0.5804	0.5554	0.8559	0.335	0.721	0.4062	0.5885	0.3711	0.3582	0.6222	0.7062	0.0	0.6279	0.3739	0.7156	0.3675P.troglody	0.5263	0.6515	0.5623	0.5149	0.5175	0.5267	0.6519	0.2894	0.4282	0.233	0.8705	0.5186	0.5215	0.8054	0.6209	0.4175	0.603	0.5331	0.607	0.6406	0.1106	0.414	0.6279	0.0	0.6461	0.7504	0.6293S.entellus	0.6001	0.5909	0.4584	0.5713	0.561	0.592	0.7731	0.6568	0.6945	0.6587	0.8161	0.5857	0.5822	0.8842	0.3806	0.7279	0.4362	0.5904	0.3905	0.4207	0.6347	0.7393	0.3739	0.6461	0.0	0.7407	0.3857T.bancanus	0.7883	0.7077	0.7167	0.793	0.7911	0.7806	0.7723	0.7947	0.8468	0.7835	0.8341	0.8137	0.8136	0.8397	0.693	0.8435	0.7073	0.8099	0.6961	0.7426	0.7213	0.8431	0.7156	0.7504	0.7407	0.0	0.7274T.obscurus	0.5661	0.6152	0.4402	0.5488	0.5396	0.5453	0.7554	0.6414	0.672	0.6487	0.7859	0.5754	0.567	0.8789	0.3675	0.7329	0.4008	0.5905	0.3565	0.4055	0.6049	0.7048	0.3675	0.6293	0.3857	0.7274	0.0