27C.aethiops	0.0	0.3115	0.131	0.0018	0.0011	0.0013	0.0267	0.0325	0.0785	0.0468	0.4351	0.0051	0.0035	0.1688	0.2988	0.1298	0.4305	0.0125	0.4544	0.3788	0.0302	0.1131	0.4373	0.0315	0.4284	0.2885	0.4254C.albifron	0.3115	0.0	0.0522	0.2786	0.3005	0.3119	0.3032	0.3857	0.5923	0.4801	0.039	0.3427	0.3356	0.0756	0.0184	0.7718	0.0421	0.3645	0.0255	0.0183	0.3428	0.7182	0.026	0.365	0.0427	0.0203	0.0339C.guereza 	0.131	0.0522	0.0	0.111	0.1263	0.1354	0.1247	0.1676	0.3131	0.2314	0.1102	0.1458	0.1459	0.0353	0.0407	0.4418	0.092	0.1629	0.1099	0.0726	0.1466	0.4023	0.0942	0.1587	0.09	0.0482	0.0897C.pygeryth	0.0018	0.2786	0.111	0.0	0.0025	0.0018	0.0263	0.032	0.0855	0.0498	0.4054	0.0089	0.0065	0.1523	0.2707	0.1431	0.3967	0.0136	0.418	0.3467	0.0264	0.1227	0.4014	0.0281	0.3929	0.2599	0.3885C.sabaeus 	0.0011	0.3005	0.1263	0.0025	0.0	0.0016	0.035	0.0421	0.0937	0.058	0.4194	0.0072	0.0052	0.1655	0.2872	0.1473	0.42	0.018	0.4387	0.3656	0.0381	0.1295	0.4245	0.0402	0.4164	0.2797	0.4138C.tantalus	0.0013	0.3119	0.1354	0.0018	0.0016	0.0	0.0313	0.0377	0.0829	0.0495	0.4437	0.0085	0.0049	0.1772	0.3051	0.1338	0.4432	0.0126	0.4598	0.3855	0.0311	0.1153	0.445	0.0333	0.4379	0.2937	0.4333C.variegat	0.0267	0.3032	0.1247	0.0263	0.035	0.0313	0.0	0.0334	0.0747	0.0524	0.4191	0.0291	0.0244	0.1382	0.2899	0.1412	0.408	0.0249	0.4478	0.3679	0.0355	0.121	0.4203	0.0368	0.4116	0.2693	0.4093G.gorilla 	0.0325	0.3857	0.1676	0.032	0.0421	0.0377	0.0334	0.0	0.0311	0.0087	0.5269	0.0255	0.0309	0.2143	0.3655	0.0709	0.4798	0.0196	0.5395	0.4507	0.0081	0.0558	0.5055	0.0043	0.4786	0.3525	0.4817H.lar     	0.0785	0.5923	0.3131	0.0855	0.0937	0.0829	0.0747	0.0311	0.0	0.0149	0.7758	0.0586	0.0638	0.3691	0.5715	0.0184	0.7183	0.0407	0.7963	0.6837	0.0484	0.0137	0.751	0.0379	0.7159	0.5557	0.724H.sapiens 	0.0468	0.4801	0.2314	0.0498	0.058	0.0495	0.0524	0.0087	0.0149	0.0	0.6419	0.036	0.0419	0.2906	0.4603	0.0368	0.5957	0.0236	0.6578	0.5577	0.0161	0.0265	0.6197	0.011	0.5894	0.4486	0.5952L.catta   	0.4351	0.039	0.1102	0.4054	0.4194	0.4437	0.4191	0.5269	0.7758	0.6419	0.0	0.4655	0.4644	0.1042	0.0247	0.9778	0.0284	0.5135	0.0142	0.0115	0.4903	0.9244	0.0161	0.5163	0.0338	0.0366	0.0327M.mulatta 	0.0051	0.3427	0.1458	0.0089	0.0072	0.0085	0.0291	0.0255	0.0586	0.036	0.4655	0.0	0.0022	0.186	0.3233	0.1094	0.4537	0.0102	0.4908	0.4061	0.0303	0.0962	0.4682	0.0287	0.4511	0.3183	0.4573M.sylvanus	0.0035	0.3356	0.1459	0.0065	0.0052	0.0049	0.0244	0.0309	0.0638	0.0419	0.4644	0.0022	0.0	0.1832	0.3222	0.1165	0.4581	0.0085	0.4877	0.4065	0.0313	0.101	0.4685	0.0321	0.4562	0.313	0.4579N.coucang 	0.1688	0.0756	0.0353	0.1523	0.1655	0.1772	0.1382	0.2143	0.3691	0.2906	0.1042	0.186	0.1832	0.0	0.07	0.5168	0.1151	0.204	0.1241	0.0886	0.2099	0.4739	0.1115	0.2217	0.1111	0.0751	0.1133N.larvatus	0.2988	0.0184	0.0407	0.2707	0.2872	0.3051	0.2899	0.3655	0.5715	0.4603	0.0247	0.3233	0.3222	0.07	0.0	0.7447	0.0219	0.355	0.023	0.0094	0.3301	0.6958	0.0171	0.3515	0.0228	0.014	0.0198P.abelii  	0.1298	0.7718	0.4418	0.1431	0.1473	0.1338	0.1412	0.0709	0.0184	0.0368	0.9778	0.1094	0.1165	0.5168	0.7447	0.0	0.9116	0.0896	1.0	0.8752	0.0898	0.0031	0.9509	0.0775	0.9139	0.7235	0.9181P.badius  	0.4305	0.0421	0.092	0.3967	0.42	0.4432	0.408	0.4798	0.7183	0.5957	0.0284	0.4537	0.4581	0.1151	0.0219	0.9116	0.0	0.4946	0.0203	0.0155	0.4504	0.8582	0.0085	0.4708	0.0123	0.039	0.0109P.hamadrya	0.0125	0.3645	0.1629	0.0136	0.018	0.0126	0.0249	0.0196	0.0407	0.0236	0.5135	0.0102	0.0085	0.204	0.355	0.0896	0.4946	0.0	0.5264	0.442	0.02	0.0735	0.5021	0.0201	0.4818	0.35	0.4841P.melaloph	0.4544	0.0255	0.1099	0.418	0.4387	0.4598	0.4478	0.5395	0.7963	0.6578	0.0142	0.4908	0.4877	0.1241	0.023	1.0	0.0203	0.5264	0.0	0.0066	0.4962	0.9398	0.0045	0.5229	0.0178	0.0395	0.0109P.nemaeus 	0.3788	0.0183	0.0726	0.3467	0.3656	0.3855	0.3679	0.4507	0.6837	0.5577	0.0115	0.4061	0.4065	0.0886	0.0094	0.8752	0.0155	0.442	0.0066	0.0	0.4157	0.821	0.005	0.4376	0.0118	0.026	0.012P.paniscus	0.0302	0.3428	0.1466	0.0264	0.0381	0.0311	0.0355	0.0081	0.0484	0.0161	0.4903	0.0303	0.0313	0.2099	0.3301	0.0898	0.4504	0.02	0.4962	0.4157	0.0	0.0725	0.4678	0.0025	0.4501	0.3124	0.4459P.pygmaeus	0.1131	0.7182	0.4023	0.1227	0.1295	0.1153	0.121	0.0558	0.0137	0.0265	0.9244	0.0962	0.101	0.4739	0.6958	0.0031	0.8582	0.0735	0.9398	0.821	0.0725	0.0	0.8931	0.061	0.8559	0.6759	0.8586P.roxellan	0.4373	0.026	0.0942	0.4014	0.4245	0.445	0.4203	0.5055	0.751	0.6197	0.0161	0.4682	0.4685	0.1115	0.0171	0.9509	0.0085	0.5021	0.0045	0.005	0.4678	0.8931	0.0	0.4911	0.0081	0.036	0.0046P.troglody	0.0315	0.365	0.1587	0.0281	0.0402	0.0333	0.0368	0.0043	0.0379	0.011	0.5163	0.0287	0.0321	0.2217	0.3515	0.0775	0.4708	0.0201	0.5229	0.4376	0.0025	0.061	0.4911	0.0	0.4698	0.3331	0.4681S.entellus	0.4284	0.0427	0.09	0.3929	0.4164	0.4379	0.4116	0.4786	0.7159	0.5894	0.0338	0.4511	0.4562	0.1111	0.0228	0.9139	0.0123	0.4818	0.0178	0.0118	0.4501	0.8559	0.0081	0.4698	0.0	0.0561	0.006T.bancanus	0.2885	0.0203	0.0482	0.2599	0.2797	0.2937	0.2693	0.3525	0.5557	0.4486	0.0366	0.3183	0.313	0.0751	0.014	0.7235	0.039	0.35	0.0395	0.026	0.3124	0.6759	0.036	0.3331	0.0561	0.0	0.0421T.obscurus	0.4254	0.0339	0.0897	0.3885	0.4138	0.4333	0.4093	0.4817	0.724	0.5952	0.0327	0.4573	0.4579	0.1133	0.0198	0.9181	0.0109	0.4841	0.0109	0.012	0.4459	0.8586	0.0046	0.4681	0.006	0.0421	0.0