27C.aethiops	0.0	0.0211	0.0143	0.0046	0.0055	0.0042	0.0108	0.0099	0.0115	0.0105	0.0226	0.0083	0.0078	0.0153	0.02	0.014	0.0239	0.0083	0.0229	0.0219	0.0106	0.0137	0.0234	0.0108	0.0233	0.0208	0.0231C.albifron	0.0211	0.0	0.012	0.0201	0.021	0.0213	0.0205	0.0226	0.0257	0.0243	0.0125	0.022	0.0217	0.0156	0.0096	0.0299	0.0111	0.0216	0.0096	0.0094	0.0213	0.0286	0.0107	0.0217	0.0102	0.0115	0.0099C.guereza 	0.0143	0.012	0.0	0.0137	0.0143	0.0147	0.0142	0.0155	0.0184	0.0167	0.0138	0.0152	0.0154	0.0119	0.0099	0.0223	0.0128	0.0145	0.0118	0.0113	0.0145	0.0213	0.0127	0.0148	0.0122	0.0126	0.0117C.pygeryth	0.0046	0.0201	0.0137	0.0	0.0051	0.0043	0.01	0.0095	0.0112	0.01	0.0221	0.0078	0.0075	0.0149	0.0191	0.014	0.023	0.0084	0.0221	0.0211	0.0094	0.0133	0.0227	0.0098	0.0224	0.0201	0.0223C.sabaeus 	0.0055	0.021	0.0143	0.0051	0.0	0.005	0.0108	0.0107	0.012	0.0108	0.0225	0.008	0.0075	0.016	0.0196	0.0146	0.0236	0.0088	0.0225	0.0216	0.0106	0.0141	0.0232	0.011	0.0231	0.0204	0.0227C.tantalus	0.0042	0.0213	0.0147	0.0043	0.005	0.0	0.0109	0.0101	0.0116	0.0101	0.023	0.0076	0.0072	0.016	0.0202	0.0139	0.0243	0.0084	0.0232	0.0221	0.0102	0.0134	0.0237	0.0105	0.0237	0.021	0.0233C.variegat	0.0108	0.0205	0.0142	0.01	0.0108	0.0109	0.0	0.0098	0.0106	0.0107	0.0214	0.0107	0.0109	0.0137	0.0193	0.0142	0.022	0.0107	0.0223	0.0209	0.0096	0.0132	0.0227	0.0097	0.0223	0.0187	0.022G.gorilla 	0.0099	0.0226	0.0155	0.0095	0.0107	0.0101	0.0098	0.0	0.0086	0.0063	0.0242	0.01	0.0101	0.0165	0.0213	0.0104	0.024	0.0098	0.0243	0.0229	0.0066	0.0095	0.0245	0.0069	0.0242	0.0219	0.0237H.lar     	0.0115	0.0257	0.0184	0.0112	0.012	0.0116	0.0106	0.0086	0.0	0.0083	0.0272	0.0105	0.0109	0.0191	0.0243	0.0093	0.0272	0.0103	0.0276	0.026	0.0102	0.0085	0.0278	0.0096	0.0273	0.0248	0.027H.sapiens 	0.0105	0.0243	0.0167	0.01	0.0108	0.0101	0.0107	0.0063	0.0083	0.0	0.0259	0.0094	0.0103	0.0181	0.0232	0.0086	0.026	0.0097	0.0261	0.0246	0.0068	0.0083	0.0264	0.0064	0.026	0.0236	0.0256L.catta   	0.0226	0.0125	0.0138	0.0221	0.0225	0.023	0.0214	0.0242	0.0272	0.0259	0.0	0.0231	0.0237	0.0145	0.0117	0.0315	0.0123	0.0234	0.0112	0.0114	0.0233	0.0304	0.0126	0.0234	0.0124	0.0118	0.0119M.mulatta 	0.0083	0.022	0.0152	0.0078	0.008	0.0076	0.0107	0.01	0.0105	0.0094	0.0231	0.0	0.0063	0.0154	0.0205	0.013	0.0243	0.0083	0.0237	0.0222	0.0105	0.0126	0.0241	0.0104	0.0237	0.0214	0.0238M.sylvanus	0.0078	0.0217	0.0154	0.0075	0.0075	0.0072	0.0109	0.0101	0.0109	0.0103	0.0237	0.0063	0.0	0.0162	0.0205	0.0138	0.0246	0.0083	0.024	0.0225	0.0105	0.0131	0.0245	0.0109	0.024	0.0216	0.024N.coucang 	0.0153	0.0156	0.0119	0.0149	0.016	0.016	0.0137	0.0165	0.0191	0.0181	0.0145	0.0154	0.0162	0.0	0.0147	0.0229	0.0172	0.0155	0.0165	0.0154	0.0165	0.022	0.0172	0.0167	0.0165	0.0154	0.0168N.larvatus	0.02	0.0096	0.0099	0.0191	0.0196	0.0202	0.0193	0.0213	0.0243	0.0232	0.0117	0.0205	0.0205	0.0147	0.0	0.0285	0.0081	0.0204	0.0081	0.0068	0.0205	0.0275	0.0079	0.021	0.0083	0.0113	0.008P.abelii  	0.014	0.0299	0.0223	0.014	0.0146	0.0139	0.0142	0.0104	0.0093	0.0086	0.0315	0.013	0.0138	0.0229	0.0285	0.0	0.0312	0.0129	0.0316	0.0303	0.0117	0.0049	0.0319	0.0117	0.0314	0.0286	0.0312P.badius  	0.0239	0.0111	0.0128	0.023	0.0236	0.0243	0.022	0.024	0.0272	0.026	0.0123	0.0243	0.0246	0.0172	0.0081	0.0312	0.0	0.0242	0.0088	0.0086	0.0231	0.0301	0.0079	0.0235	0.0081	0.0119	0.0076P.hamadrya	0.0083	0.0216	0.0145	0.0084	0.0088	0.0084	0.0107	0.0098	0.0103	0.0097	0.0234	0.0083	0.0083	0.0155	0.0204	0.0129	0.0242	0.0	0.0235	0.0223	0.0103	0.0124	0.0241	0.0106	0.0236	0.0215	0.0233P.melaloph	0.0229	0.0096	0.0118	0.0221	0.0225	0.0232	0.0223	0.0243	0.0276	0.0261	0.0112	0.0237	0.024	0.0165	0.0081	0.0316	0.0088	0.0235	0.0	0.0073	0.0231	0.0305	0.0076	0.0235	0.0082	0.0116	0.0073P.nemaeus 	0.0219	0.0094	0.0113	0.0211	0.0216	0.0221	0.0209	0.0229	0.026	0.0246	0.0114	0.0222	0.0225	0.0154	0.0068	0.0303	0.0086	0.0223	0.0073	0.0	0.022	0.0291	0.0069	0.0223	0.0078	0.0121	0.0072P.paniscus	0.0106	0.0213	0.0145	0.0094	0.0106	0.0102	0.0096	0.0066	0.0102	0.0068	0.0233	0.0105	0.0105	0.0165	0.0205	0.0117	0.0231	0.0103	0.0231	0.022	0.0	0.0105	0.0237	0.0045	0.0235	0.0202	0.0226P.pygmaeus	0.0137	0.0286	0.0213	0.0133	0.0141	0.0134	0.0132	0.0095	0.0085	0.0083	0.0304	0.0126	0.0131	0.022	0.0275	0.0049	0.0301	0.0124	0.0305	0.0291	0.0105	0.0	0.0309	0.0104	0.0304	0.0276	0.0298P.roxellan	0.0234	0.0107	0.0127	0.0227	0.0232	0.0237	0.0227	0.0245	0.0278	0.0264	0.0126	0.0241	0.0245	0.0172	0.0079	0.0319	0.0079	0.0241	0.0076	0.0069	0.0237	0.0309	0.0	0.024	0.0076	0.0127	0.0068P.troglody	0.0108	0.0217	0.0148	0.0098	0.011	0.0105	0.0097	0.0069	0.0096	0.0064	0.0234	0.0104	0.0109	0.0167	0.021	0.0117	0.0235	0.0106	0.0235	0.0223	0.0045	0.0104	0.024	0.0	0.0238	0.0208	0.0231S.entellus	0.0233	0.0102	0.0122	0.0224	0.0231	0.0237	0.0223	0.0242	0.0273	0.026	0.0124	0.0237	0.024	0.0165	0.0083	0.0314	0.0081	0.0236	0.0082	0.0078	0.0235	0.0304	0.0076	0.0238	0.0	0.0126	0.0077T.bancanus	0.0208	0.0115	0.0126	0.0201	0.0204	0.021	0.0187	0.0219	0.0248	0.0236	0.0118	0.0214	0.0216	0.0154	0.0113	0.0286	0.0119	0.0215	0.0116	0.0121	0.0202	0.0276	0.0127	0.0208	0.0126	0.0	0.012T.obscurus	0.0231	0.0099	0.0117	0.0223	0.0227	0.0233	0.022	0.0237	0.027	0.0256	0.0119	0.0238	0.024	0.0168	0.008	0.0312	0.0076	0.0233	0.0073	0.0072	0.0226	0.0298	0.0068	0.0231	0.0077	0.012	0.0