27C.aethiops	0.0	0.0301	0.0193	0.0044	0.004	0.0036	0.0116	0.0108	0.0148	0.0124	0.0333	0.0064	0.0058	0.0211	0.0286	0.0186	0.0343	0.0087	0.034	0.0317	0.0114	0.0177	0.034	0.0113	0.0337	0.0288	0.0337C.albifron	0.0301	0.0	0.0147	0.0288	0.0299	0.0304	0.0296	0.0329	0.0386	0.036	0.0145	0.0313	0.0309	0.0192	0.0102	0.0446	0.0136	0.0315	0.0108	0.0101	0.0308	0.0427	0.0118	0.0317	0.0127	0.0121	0.0117C.guereza 	0.0193	0.0147	0.0	0.0182	0.0192	0.0199	0.0184	0.0211	0.0272	0.0239	0.0174	0.0203	0.0203	0.0129	0.0117	0.0328	0.0168	0.0207	0.0168	0.0144	0.0193	0.0311	0.0171	0.02	0.0162	0.0142	0.016C.pygeryth	0.0044	0.0288	0.0182	0.0	0.0047	0.0038	0.0115	0.0108	0.0154	0.0126	0.0325	0.0073	0.007	0.0206	0.0275	0.0192	0.0331	0.0096	0.0328	0.0306	0.0107	0.0179	0.033	0.0109	0.0325	0.0279	0.0325C.sabaeus 	0.004	0.0299	0.0192	0.0047	0.0	0.0038	0.0128	0.0125	0.0161	0.0135	0.033	0.007	0.0061	0.0218	0.0281	0.0199	0.034	0.0099	0.0335	0.0313	0.0124	0.0188	0.0337	0.0124	0.0334	0.0286	0.0334C.tantalus	0.0036	0.0304	0.0199	0.0038	0.0038	0.0	0.0124	0.0117	0.0152	0.0127	0.0338	0.0069	0.006	0.0221	0.029	0.0189	0.0349	0.0094	0.0343	0.0321	0.0116	0.0177	0.0344	0.0115	0.0343	0.0293	0.0341C.variegat	0.0116	0.0296	0.0184	0.0115	0.0128	0.0124	0.0	0.0104	0.0137	0.0125	0.0315	0.011	0.0115	0.0184	0.0275	0.0191	0.0321	0.0112	0.0332	0.0306	0.011	0.0175	0.033	0.0111	0.0323	0.0266	0.0322G.gorilla 	0.0108	0.0329	0.0211	0.0108	0.0125	0.0117	0.0104	0.0	0.0095	0.0058	0.0358	0.0103	0.0112	0.0227	0.0309	0.0135	0.0351	0.0106	0.0365	0.0338	0.0067	0.0122	0.036	0.0063	0.0351	0.0309	0.0352H.lar     	0.0148	0.0386	0.0272	0.0154	0.0161	0.0152	0.0137	0.0095	0.0	0.0083	0.0417	0.0128	0.0135	0.0284	0.0369	0.0098	0.0412	0.0122	0.0428	0.04	0.0122	0.0084	0.0422	0.0111	0.0411	0.0367	0.0413H.sapiens 	0.0124	0.036	0.0239	0.0126	0.0135	0.0127	0.0125	0.0058	0.0083	0.0	0.0389	0.0112	0.0123	0.0262	0.034	0.0104	0.0385	0.0112	0.0396	0.0369	0.0072	0.009	0.0392	0.0064	0.0383	0.0339	0.0384L.catta   	0.0333	0.0145	0.0174	0.0325	0.033	0.0338	0.0315	0.0358	0.0417	0.0389	0.0	0.0338	0.0341	0.0184	0.0125	0.0477	0.0133	0.0352	0.0103	0.0106	0.0343	0.0461	0.013	0.0348	0.0136	0.0117	0.0129M.mulatta 	0.0064	0.0313	0.0203	0.0073	0.007	0.0069	0.011	0.0103	0.0128	0.0112	0.0338	0.0	0.0046	0.0215	0.0293	0.0175	0.0348	0.0091	0.035	0.0325	0.0115	0.0163	0.035	0.0109	0.0343	0.0296	0.0346M.sylvanus	0.0058	0.0309	0.0203	0.007	0.0061	0.006	0.0115	0.0112	0.0135	0.0123	0.0341	0.0046	0.0	0.022	0.0294	0.0183	0.0352	0.0082	0.0351	0.0326	0.0118	0.0171	0.0352	0.0117	0.0345	0.0298	0.0348N.coucang 	0.0211	0.0192	0.0129	0.0206	0.0218	0.0221	0.0184	0.0227	0.0284	0.0262	0.0184	0.0215	0.022	0.0	0.0175	0.0343	0.0209	0.0224	0.0208	0.0189	0.0228	0.0328	0.0213	0.0232	0.0204	0.0179	0.0208N.larvatus	0.0286	0.0102	0.0117	0.0275	0.0281	0.029	0.0275	0.0309	0.0369	0.034	0.0125	0.0293	0.0294	0.0175	0.0	0.0427	0.0091	0.0303	0.0089	0.0061	0.0292	0.041	0.0088	0.0301	0.0094	0.0109	0.0087P.abelii  	0.0186	0.0446	0.0328	0.0192	0.0199	0.0189	0.0191	0.0135	0.0098	0.0104	0.0477	0.0175	0.0183	0.0343	0.0427	0.0	0.0469	0.0171	0.0485	0.0459	0.0154	0.0046	0.0481	0.0148	0.047	0.0423	0.0473P.badius  	0.0343	0.0136	0.0168	0.0331	0.034	0.0349	0.0321	0.0351	0.0412	0.0385	0.0133	0.0348	0.0352	0.0209	0.0091	0.0469	0.0	0.0357	0.0096	0.0088	0.0337	0.0452	0.009	0.0346	0.0089	0.0128	0.008P.hamadrya	0.0087	0.0315	0.0207	0.0096	0.0099	0.0094	0.0112	0.0106	0.0122	0.0112	0.0352	0.0091	0.0082	0.0224	0.0303	0.0171	0.0357	0.0	0.0359	0.0334	0.011	0.0158	0.036	0.011	0.035	0.0309	0.0351P.melaloph	0.034	0.0108	0.0168	0.0328	0.0335	0.0343	0.0332	0.0365	0.0428	0.0396	0.0103	0.035	0.0351	0.0208	0.0089	0.0485	0.0096	0.0359	0.0	0.0057	0.0346	0.0467	0.0072	0.0354	0.0088	0.0127	0.0075P.nemaeus 	0.0317	0.0101	0.0144	0.0306	0.0313	0.0321	0.0306	0.0338	0.04	0.0369	0.0106	0.0325	0.0326	0.0189	0.0061	0.0459	0.0088	0.0334	0.0057	0.0	0.0322	0.0442	0.0061	0.033	0.0077	0.0121	0.0072P.paniscus	0.0114	0.0308	0.0193	0.0107	0.0124	0.0116	0.011	0.0067	0.0122	0.0072	0.0343	0.0115	0.0118	0.0228	0.0292	0.0154	0.0337	0.011	0.0346	0.0322	0.0	0.0135	0.0345	0.0038	0.0339	0.0286	0.0335P.pygmaeus	0.0177	0.0427	0.0311	0.0179	0.0188	0.0177	0.0175	0.0122	0.0084	0.009	0.0461	0.0163	0.0171	0.0328	0.041	0.0046	0.0452	0.0158	0.0467	0.0442	0.0135	0.0	0.0464	0.0128	0.0453	0.0407	0.0453P.roxellan	0.034	0.0118	0.0171	0.033	0.0337	0.0344	0.033	0.036	0.0422	0.0392	0.013	0.035	0.0352	0.0213	0.0088	0.0481	0.009	0.036	0.0072	0.0061	0.0345	0.0464	0.0	0.0353	0.0086	0.0137	0.0065P.troglody	0.0113	0.0317	0.02	0.0109	0.0124	0.0115	0.0111	0.0063	0.0111	0.0064	0.0348	0.0109	0.0117	0.0232	0.0301	0.0148	0.0346	0.011	0.0354	0.033	0.0038	0.0128	0.0353	0.0	0.0347	0.0294	0.0344S.entellus	0.0337	0.0127	0.0162	0.0325	0.0334	0.0343	0.0323	0.0351	0.0411	0.0383	0.0136	0.0343	0.0345	0.0204	0.0094	0.047	0.0089	0.035	0.0088	0.0077	0.0339	0.0453	0.0086	0.0347	0.0	0.0145	0.0076T.bancanus	0.0288	0.0121	0.0142	0.0279	0.0286	0.0293	0.0266	0.0309	0.0367	0.0339	0.0117	0.0296	0.0298	0.0179	0.0109	0.0423	0.0128	0.0309	0.0127	0.0121	0.0286	0.0407	0.0137	0.0294	0.0145	0.0	0.013T.obscurus	0.0337	0.0117	0.016	0.0325	0.0334	0.0341	0.0322	0.0352	0.0413	0.0384	0.0129	0.0346	0.0348	0.0208	0.0087	0.0473	0.008	0.0351	0.0075	0.0072	0.0335	0.0453	0.0065	0.0344	0.0076	0.013	0.0