27C.aethiops	0.0	0.516382	0.38351	0.153504	0.167627	0.134477	0.341021	0.292836	0.301785	0.279691	0.709154	0.250914	0.235707	0.479433	0.457344	0.245191	0.596398	0.227208	0.511539	0.53708	0.275476	0.267097	0.52619	0.316665	0.582154	0.540273	0.534983C.albifron	0.516382	0.0	0.320577	0.475631	0.476063	0.499879	0.486213	0.537082	0.638423	0.560439	0.374492	0.547836	0.498629	0.490956	0.20878	0.703114	0.20146	0.524919	0.213646	0.212984	0.478435	0.683449	0.183101	0.502716	0.203487	0.292882	0.205574C.guereza 	0.38351	0.320577	0.0	0.360158	0.357197	0.36532	0.436934	0.407705	0.480334	0.41472	0.465729	0.429217	0.384759	0.494895	0.252032	0.487379	0.264437	0.38238	0.264173	0.279062	0.36494	0.487395	0.253422	0.397149	0.279907	0.368816	0.260625C.pygeryth	0.153504	0.475631	0.360158	0.0	0.161407	0.137319	0.310719	0.283196	0.28917	0.268514	0.667425	0.244126	0.227853	0.470376	0.416571	0.252475	0.543367	0.226768	0.470805	0.489988	0.266963	0.265579	0.488712	0.302356	0.51879	0.508931	0.488192C.sabaeus 	0.167627	0.476063	0.357197	0.161407	0.0	0.148423	0.312927	0.284313	0.296747	0.270067	0.655147	0.239517	0.22176	0.467309	0.41564	0.25086	0.530326	0.222837	0.458142	0.48013	0.2678	0.264834	0.469185	0.304787	0.512147	0.499777	0.4798C.tantalus	0.134477	0.499879	0.36532	0.137319	0.148423	0.0	0.313456	0.275686	0.286747	0.257435	0.680551	0.228215	0.214198	0.472514	0.440953	0.228143	0.577959	0.210611	0.498663	0.520167	0.263406	0.240866	0.510638	0.304855	0.56356	0.528287	0.508665C.variegat	0.341021	0.486213	0.436934	0.310719	0.312927	0.313456	0.0	0.342294	0.353546	0.330433	0.607515	0.357296	0.328078	0.511914	0.469105	0.312668	0.557286	0.357664	0.539868	0.545818	0.310941	0.323785	0.550169	0.347694	0.580295	0.498053	0.544327G.gorilla 	0.292836	0.537082	0.407705	0.283196	0.284313	0.275686	0.342294	0.0	0.273997	0.212378	0.759965	0.296069	0.287842	0.535833	0.501291	0.205175	0.576788	0.277589	0.534473	0.574468	0.22037	0.219768	0.556601	0.237979	0.60536	0.555622	0.547036H.lar     	0.301785	0.638423	0.480334	0.28917	0.296747	0.286747	0.353546	0.273997	0.0	0.244383	0.874899	0.296447	0.277929	0.557661	0.614559	0.213392	0.717596	0.294462	0.668846	0.697886	0.258804	0.212196	0.69256	0.283238	0.757525	0.628593	0.681536H.sapiens 	0.279691	0.560439	0.41472	0.268514	0.270067	0.257435	0.330433	0.212378	0.244383	0.0	0.783969	0.273593	0.265431	0.537346	0.546514	0.178294	0.630637	0.262121	0.588923	0.599683	0.189913	0.19758	0.585877	0.208629	0.658619	0.572131	0.596112L.catta   	0.709154	0.374492	0.465729	0.667425	0.655147	0.680551	0.607515	0.759965	0.874899	0.783969	0.0	0.742209	0.712793	0.602131	0.389046	1.0	0.369741	0.756861	0.360988	0.380889	0.691105	0.952222	0.359847	0.716789	0.36702	0.443977	0.348882M.mulatta 	0.250914	0.547836	0.429217	0.244126	0.239517	0.228215	0.357296	0.296069	0.296447	0.273593	0.742209	0.0	0.223969	0.492971	0.486514	0.245909	0.632683	0.251982	0.548714	0.561232	0.296197	0.261	0.556533	0.319687	0.608089	0.571233	0.581777M.sylvanus	0.235707	0.498629	0.384759	0.227853	0.22176	0.214198	0.328078	0.287842	0.277929	0.265431	0.712793	0.223969	0.0	0.487736	0.454568	0.254677	0.582012	0.2342	0.509888	0.515203	0.27436	0.264514	0.512139	0.311622	0.558159	0.535582	0.523667N.coucang 	0.479433	0.490956	0.494895	0.470376	0.467309	0.472514	0.511914	0.535833	0.557661	0.537346	0.602131	0.492971	0.487736	0.0	0.474386	0.581588	0.536314	0.491793	0.476906	0.506474	0.513683	0.573027	0.489269	0.522689	0.524183	0.52876	0.5267N.larvatus	0.457344	0.20878	0.252032	0.416571	0.41564	0.440953	0.469105	0.501291	0.614559	0.546514	0.389046	0.486514	0.454568	0.474386	0.0	0.685873	0.120828	0.465448	0.145014	0.138029	0.479317	0.662892	0.104962	0.50739	0.138979	0.273874	0.126856P.abelii  	0.245191	0.703114	0.487379	0.252475	0.25086	0.228143	0.312668	0.205175	0.213392	0.178294	1.0	0.245909	0.254677	0.581588	0.685873	0.0	0.797908	0.230677	0.764015	0.799208	0.203876	0.096859	0.773403	0.235466	0.863696	0.687676	0.77034P.badius  	0.596398	0.20146	0.264437	0.543367	0.530326	0.577959	0.557286	0.576788	0.717596	0.630637	0.369741	0.632683	0.582012	0.536314	0.120828	0.797908	0.0	0.598482	0.140214	0.136762	0.514248	0.766033	0.093191	0.546194	0.124866	0.261016	0.110479P.hamadrya	0.227208	0.524919	0.38238	0.226768	0.222837	0.210611	0.357664	0.277589	0.294462	0.262121	0.756861	0.251982	0.2342	0.491793	0.465448	0.230677	0.598482	0.0	0.524285	0.560629	0.270421	0.253772	0.54106	0.306215	0.583342	0.555801	0.552622P.melaloph	0.511539	0.213646	0.264173	0.470805	0.458142	0.498663	0.539868	0.534473	0.668846	0.588923	0.360988	0.548714	0.509888	0.476906	0.145014	0.764015	0.140214	0.524285	0.0	0.147158	0.496897	0.725178	0.11507	0.521532	0.140439	0.270994	0.127265P.nemaeus 	0.53708	0.212984	0.279062	0.489988	0.48013	0.520167	0.545818	0.574468	0.697886	0.599683	0.380889	0.561232	0.515203	0.506474	0.138029	0.799208	0.136762	0.560629	0.147158	0.0	0.525688	0.746025	0.104617	0.55226	0.141335	0.285211	0.126864P.paniscus	0.275476	0.478435	0.36494	0.266963	0.2678	0.263406	0.310941	0.22037	0.258804	0.189913	0.691105	0.296197	0.27436	0.513683	0.479317	0.203876	0.514248	0.270421	0.496897	0.525688	0.0	0.217428	0.505739	0.171522	0.565739	0.459494	0.505436P.pygmaeus	0.267097	0.683449	0.487395	0.265579	0.264834	0.240866	0.323785	0.219768	0.212196	0.19758	0.952222	0.261	0.264514	0.573027	0.662892	0.096859	0.766033	0.253772	0.725178	0.746025	0.217428	0.0	0.74326	0.239131	0.845683	0.667121	0.726252P.roxellan	0.52619	0.183101	0.253422	0.488712	0.469185	0.510638	0.550169	0.556601	0.69256	0.585877	0.359847	0.556533	0.512139	0.489269	0.104962	0.773403	0.093191	0.54106	0.11507	0.104617	0.505739	0.74326	0.0	0.537587	0.108701	0.250126	0.099036P.troglody	0.316665	0.502716	0.397149	0.302356	0.304787	0.304855	0.347694	0.237979	0.283238	0.208629	0.716789	0.319687	0.311622	0.522689	0.50739	0.235466	0.546194	0.306215	0.521532	0.55226	0.171522	0.239131	0.537587	0.0	0.596149	0.492832	0.539792S.entellus	0.582154	0.203487	0.279907	0.51879	0.512147	0.56356	0.580295	0.60536	0.757525	0.658619	0.36702	0.608089	0.558159	0.524183	0.138979	0.863696	0.124866	0.583342	0.140439	0.141335	0.565739	0.845683	0.108701	0.596149	0.0	0.272879	0.121585T.bancanus	0.540273	0.292882	0.368816	0.508931	0.499777	0.528287	0.498053	0.555622	0.628593	0.572131	0.443977	0.571233	0.535582	0.52876	0.273874	0.687676	0.261016	0.555801	0.270994	0.285211	0.459494	0.667121	0.250126	0.492832	0.272879	0.0	0.269343T.obscurus	0.534983	0.205574	0.260625	0.488192	0.4798	0.508665	0.544327	0.547036	0.681536	0.596112	0.348882	0.581777	0.523667	0.5267	0.126856	0.77034	0.110479	0.552622	0.127265	0.126864	0.505436	0.726252	0.099036	0.539792	0.121585	0.269343	0.0