27C.aethiops	0.0	0.586673	0.458878	0.135734	0.167339	0.120312	0.532894	0.437539	0.431151	0.407207	0.773138	0.315086	0.314474	0.70376	0.459468	0.365782	0.568033	0.311218	0.489383	0.5089	0.400523	0.383765	0.521917	0.422913	0.547265	0.681966	0.51833C.albifron	0.586673	0.0	0.541843	0.581382	0.569842	0.576962	0.651267	0.632576	0.663288	0.60788	0.666767	0.618763	0.5819	0.806125	0.471107	0.662109	0.498545	0.63533	0.48809	0.47407	0.587798	0.660597	0.471319	0.60174	0.478019	0.599128	0.503453C.guereza 	0.458878	0.541843	0.0	0.439587	0.440746	0.440366	0.649533	0.513993	0.584469	0.51829	0.709423	0.49407	0.460968	0.784181	0.378653	0.540012	0.40473	0.473544	0.394212	0.408773	0.480934	0.551321	0.394697	0.508661	0.41557	0.620989	0.404007C.pygeryth	0.135734	0.581382	0.439587	0.0	0.169671	0.129748	0.52259	0.42516	0.418454	0.400164	0.77695	0.313462	0.30585	0.728337	0.439575	0.386439	0.541188	0.314883	0.468573	0.486427	0.396013	0.403897	0.510735	0.414923	0.509155	0.684999	0.49353C.sabaeus 	0.167339	0.569842	0.440746	0.169671	0.0	0.162908	0.509035	0.435486	0.420389	0.404658	0.759	0.304231	0.300288	0.686946	0.455489	0.394019	0.520191	0.311174	0.469227	0.483012	0.400479	0.396367	0.493682	0.416655	0.495266	0.684195	0.482545C.tantalus	0.120312	0.576962	0.440366	0.129748	0.162908	0.0	0.50948	0.428373	0.423604	0.400856	0.776581	0.304105	0.295074	0.715372	0.447348	0.368709	0.544868	0.309492	0.481998	0.498741	0.395331	0.377962	0.50623	0.420597	0.532099	0.663961	0.488929C.variegat	0.532894	0.651267	0.649533	0.52259	0.509035	0.50948	0.0	0.559851	0.564808	0.538813	0.43977	0.553276	0.53399	0.800471	0.618423	0.517313	0.726821	0.552388	0.675195	0.729595	0.512906	0.519695	0.69654	0.541707	0.706755	0.710223	0.676571G.gorilla 	0.437539	0.632576	0.513993	0.42516	0.435486	0.428373	0.559851	0.0	0.384883	0.270208	0.896085	0.432824	0.431127	0.764353	0.551739	0.314836	0.610526	0.42768	0.546363	0.61361	0.257673	0.331139	0.589513	0.27281	0.616866	0.713737	0.593414H.lar     	0.431151	0.663288	0.584469	0.418454	0.420389	0.423604	0.564808	0.384883	0.0	0.355595	0.912952	0.428367	0.401737	0.770755	0.616504	0.344324	0.678766	0.42815	0.631925	0.676176	0.354769	0.346253	0.667296	0.371127	0.681372	0.792274	0.648524H.sapiens 	0.407207	0.60788	0.51829	0.400164	0.404658	0.400856	0.538813	0.270208	0.355595	0.0	0.848708	0.406796	0.403518	0.768084	0.561104	0.295254	0.618736	0.414641	0.597932	0.607539	0.223183	0.317018	0.605972	0.229365	0.634699	0.708768	0.612625L.catta   	0.773138	0.666767	0.709423	0.77695	0.759	0.776581	0.43977	0.896085	0.912952	0.848708	0.0	0.854514	0.856128	0.939294	0.664357	1.0	0.693945	0.897481	0.672699	0.690337	0.815399	0.968574	0.699264	0.826633	0.689878	0.767924	0.656403M.mulatta 	0.315086	0.618763	0.49407	0.313462	0.304231	0.304105	0.553276	0.432824	0.428367	0.406796	0.854514	0.0	0.256808	0.702705	0.481594	0.390196	0.571709	0.329864	0.515755	0.529034	0.410647	0.382454	0.523195	0.421639	0.537016	0.720023	0.533124M.sylvanus	0.314474	0.5819	0.460968	0.30585	0.300288	0.295074	0.53399	0.431127	0.401737	0.403518	0.856128	0.256808	0.0	0.71278	0.473139	0.390755	0.567066	0.314521	0.493642	0.525385	0.396669	0.391053	0.493324	0.416319	0.528822	0.718576	0.513053N.coucang 	0.70376	0.806125	0.784181	0.728337	0.686946	0.715372	0.800471	0.764353	0.770755	0.768084	0.939294	0.702705	0.71278	0.0	0.772754	0.75237	0.835661	0.737128	0.725496	0.77907	0.735115	0.715519	0.793378	0.731556	0.839621	0.810896	0.84277N.larvatus	0.459468	0.471107	0.378653	0.439575	0.455489	0.447348	0.618423	0.551739	0.616504	0.561104	0.664357	0.481594	0.473139	0.772754	0.0	0.604698	0.342972	0.476942	0.315016	0.303593	0.531861	0.590428	0.28554	0.572461	0.318335	0.55194	0.311219P.abelii  	0.365782	0.662109	0.540012	0.386439	0.394019	0.368709	0.517313	0.314836	0.344324	0.295254	1.0	0.390196	0.390755	0.75237	0.604698	0.0	0.695995	0.383889	0.63488	0.701776	0.306663	0.163156	0.669717	0.333861	0.701403	0.74078	0.697071P.badius  	0.568033	0.498545	0.40473	0.541188	0.520191	0.544868	0.726821	0.610526	0.678766	0.618736	0.693945	0.571709	0.567066	0.835661	0.342972	0.695995	0.0	0.57915	0.356974	0.349904	0.551553	0.707269	0.332738	0.571991	0.363444	0.584915	0.336215P.hamadrya	0.311218	0.63533	0.473544	0.314883	0.311174	0.309492	0.552388	0.42768	0.42815	0.414641	0.897481	0.329864	0.314521	0.737128	0.476942	0.383889	0.57915	0.0	0.525412	0.553333	0.409982	0.401286	0.543144	0.436443	0.546203	0.717982	0.551967P.melaloph	0.489383	0.48809	0.394212	0.468573	0.469227	0.481998	0.675195	0.546363	0.631925	0.597932	0.672699	0.515755	0.493642	0.725496	0.315016	0.63488	0.356974	0.525412	0.0	0.338753	0.525244	0.630442	0.310955	0.552841	0.329914	0.558707	0.307128P.nemaeus 	0.5089	0.47407	0.408773	0.486427	0.483012	0.498741	0.729595	0.61361	0.676176	0.607539	0.690337	0.529034	0.525385	0.77907	0.303593	0.701776	0.349904	0.553333	0.338753	0.0	0.566442	0.674703	0.29526	0.593197	0.343153	0.597754	0.3336P.paniscus	0.400523	0.587798	0.480934	0.396013	0.400479	0.395331	0.512906	0.257673	0.354769	0.223183	0.815399	0.410647	0.396669	0.735115	0.531861	0.306663	0.551553	0.409982	0.525244	0.566442	0.0	0.318484	0.558043	0.149196	0.593921	0.610619	0.546424P.pygmaeus	0.383765	0.660597	0.551321	0.403897	0.396367	0.377962	0.519695	0.331139	0.346253	0.317018	0.968574	0.382454	0.391053	0.715519	0.590428	0.163156	0.707269	0.401286	0.630442	0.674703	0.318484	0.0	0.654566	0.336488	0.716295	0.756489	0.659754P.roxellan	0.521917	0.471319	0.394697	0.510735	0.493682	0.50623	0.69654	0.589513	0.667296	0.605972	0.699264	0.523195	0.493324	0.793378	0.28554	0.669717	0.332738	0.543144	0.310955	0.29526	0.558043	0.654566	0.0	0.578097	0.310846	0.569429	0.310157P.troglody	0.422913	0.60174	0.508661	0.414923	0.416655	0.420597	0.541707	0.27281	0.371127	0.229365	0.826633	0.421639	0.416319	0.731556	0.572461	0.333861	0.571991	0.436443	0.552841	0.593197	0.149196	0.336488	0.578097	0.0	0.612021	0.652527	0.581497S.entellus	0.547265	0.478019	0.41557	0.509155	0.495266	0.532099	0.706755	0.616866	0.681372	0.634699	0.689878	0.537016	0.528822	0.839621	0.318335	0.701403	0.363444	0.546203	0.329914	0.343153	0.593921	0.716295	0.310846	0.612021	0.0	0.595228	0.326439T.bancanus	0.681966	0.599128	0.620989	0.684999	0.684195	0.663961	0.710223	0.713737	0.792274	0.708768	0.767924	0.720023	0.718576	0.810896	0.55194	0.74078	0.584915	0.717982	0.558707	0.597754	0.610619	0.756489	0.569429	0.652527	0.595228	0.0	0.587031T.obscurus	0.51833	0.503453	0.404007	0.49353	0.482545	0.488929	0.676571	0.593414	0.648524	0.612625	0.656403	0.533124	0.513053	0.84277	0.311219	0.697071	0.336215	0.551967	0.307128	0.3336	0.546424	0.659754	0.310157	0.581497	0.326439	0.587031	0.0