27C.aethiops	0.0	0.756882	0.510551	0.098635	0.144237	0.079103	0.693137	0.561579	0.550154	0.534502	0.95389	0.369708	0.379301	0.840235	0.564373	0.49217	0.684849	0.376821	0.56657	0.583485	0.532934	0.511624	0.624923	0.56283	0.661963	0.948454	0.587548C.albifron	0.756882	0.0	0.615488	0.731798	0.763467	0.745178	0.694227	0.709458	0.739999	0.669914	0.705241	0.80678	0.689642	0.843401	0.5498	0.744265	0.571075	0.750994	0.552425	0.54112	0.665619	0.737595	0.558527	0.661714	0.533555	0.646598	0.575255C.guereza 	0.510551	0.615488	0.0	0.461245	0.483815	0.478987	0.669414	0.539039	0.591723	0.532122	0.755951	0.568714	0.493674	0.864881	0.378023	0.584368	0.374184	0.484882	0.367154	0.397053	0.487141	0.570839	0.387794	0.522484	0.394263	0.669429	0.385682C.pygeryth	0.098635	0.731798	0.461245	0.0	0.14204	0.092587	0.6202	0.526858	0.527162	0.499197	0.894888	0.364715	0.361154	0.81801	0.504159	0.507025	0.630014	0.379312	0.530672	0.550037	0.486915	0.516491	0.606971	0.527771	0.583113	0.888194	0.54253C.sabaeus 	0.144237	0.763467	0.483815	0.14204	0.0	0.138453	0.643202	0.551768	0.532378	0.504462	0.892368	0.360904	0.356243	0.82328	0.537289	0.50204	0.603175	0.36082	0.5214	0.546399	0.506341	0.516196	0.571151	0.542584	0.564104	0.853487	0.533629C.tantalus	0.079103	0.745178	0.478987	0.092587	0.138453	0.0	0.651017	0.550141	0.549572	0.510282	0.922425	0.344191	0.347168	0.852813	0.532794	0.501235	0.656369	0.364843	0.543903	0.568769	0.522781	0.49207	0.593671	0.561382	0.62422	0.9029	0.52665C.variegat	0.693137	0.694227	0.669414	0.6202	0.643202	0.651017	0.0	0.615643	0.660123	0.602104	0.662305	0.71719	0.650043	0.74477	0.708288	0.593584	0.746651	0.669237	0.722183	0.774973	0.576822	0.580286	0.837303	0.622979	0.777229	0.65785	0.747785G.gorilla 	0.561579	0.709458	0.539039	0.526858	0.551768	0.550141	0.615643	0.0	0.413301	0.240599	0.922658	0.518739	0.51391	0.80867	0.637941	0.329587	0.627768	0.481069	0.551288	0.680483	0.244658	0.353812	0.654285	0.254923	0.671434	0.806232	0.609561H.lar     	0.550154	0.739999	0.591723	0.527162	0.532378	0.549572	0.660123	0.413301	0.0	0.37792	0.918245	0.519349	0.483622	0.78495	0.674733	0.398939	0.701913	0.523889	0.637033	0.699633	0.381088	0.379977	0.724763	0.393118	0.720702	0.845715	0.664217H.sapiens 	0.534502	0.669914	0.532122	0.499197	0.504462	0.510282	0.602104	0.240599	0.37792	0.0	0.850986	0.492725	0.492951	0.798604	0.653595	0.314968	0.668054	0.492121	0.605679	0.650779	0.194919	0.334985	0.664609	0.194002	0.666032	0.747783	0.645024L.catta   	0.95389	0.705241	0.755951	0.894888	0.892368	0.922425	0.662305	0.922658	0.918245	0.850986	0.0	0.991319	0.998822	0.80809	0.806875	0.978878	0.835993	1.0	0.753481	0.827981	0.849165	0.93752	0.868406	0.797767	0.781475	0.706784	0.764131M.mulatta 	0.369708	0.80678	0.568714	0.364715	0.360904	0.344191	0.71719	0.518739	0.519349	0.492725	0.991319	0.0	0.254343	0.754911	0.552665	0.473222	0.689178	0.374753	0.587721	0.607699	0.522913	0.473947	0.631654	0.545853	0.646076	0.936926	0.60523M.sylvanus	0.379301	0.689642	0.493674	0.361154	0.356243	0.347168	0.650043	0.51391	0.483622	0.492951	0.998822	0.254343	0.0	0.815522	0.540184	0.508092	0.666371	0.344351	0.559573	0.588693	0.496322	0.490044	0.572539	0.541333	0.595064	0.944135	0.593714N.coucang 	0.840235	0.843401	0.864881	0.81801	0.82328	0.852813	0.74477	0.80867	0.78495	0.798604	0.80809	0.754911	0.815522	0.0	0.903666	0.787652	0.987128	0.828685	0.829038	0.89208	0.785017	0.760358	0.996304	0.797375	0.982716	0.834798	0.983141N.larvatus	0.564373	0.5498	0.378023	0.504159	0.537289	0.532794	0.708288	0.637941	0.674733	0.653595	0.806875	0.552665	0.540184	0.903666	0.0	0.715805	0.34191	0.538587	0.319978	0.304299	0.62121	0.675412	0.281483	0.65493	0.322484	0.66608	0.320954P.abelii  	0.49217	0.744265	0.584368	0.507025	0.50204	0.501235	0.593584	0.329587	0.398939	0.314968	0.978878	0.473222	0.508092	0.787652	0.715805	0.0	0.723735	0.463824	0.671753	0.785876	0.347628	0.142118	0.755696	0.36389	0.743478	0.85154	0.718569P.badius  	0.684849	0.571075	0.374184	0.630014	0.603175	0.656369	0.746651	0.627768	0.701913	0.668054	0.835993	0.689178	0.666371	0.987128	0.34191	0.723735	0.0	0.627122	0.375296	0.370719	0.569722	0.710938	0.338567	0.598972	0.372127	0.629808	0.3379P.hamadrya	0.376821	0.750994	0.484882	0.379312	0.36082	0.364843	0.669237	0.481069	0.523889	0.492121	1.0	0.374753	0.344351	0.828685	0.538587	0.463824	0.627122	0.0	0.556331	0.605569	0.502167	0.48267	0.609481	0.533417	0.616954	0.891276	0.601638P.melaloph	0.56657	0.552425	0.367154	0.530672	0.5214	0.543903	0.722183	0.551288	0.637033	0.605679	0.753481	0.587721	0.559573	0.829038	0.319978	0.671753	0.375296	0.556331	0.0	0.33983	0.560202	0.649286	0.308173	0.588161	0.32333	0.672476	0.301303P.nemaeus 	0.583485	0.54112	0.397053	0.550037	0.546399	0.568769	0.774973	0.680483	0.699633	0.650779	0.827981	0.607699	0.588693	0.89208	0.304299	0.785876	0.370719	0.605569	0.33983	0.0	0.623244	0.719207	0.292111	0.626205	0.340569	0.700125	0.340857P.paniscus	0.532934	0.665619	0.487141	0.486915	0.506341	0.522781	0.576822	0.244658	0.381088	0.194919	0.849165	0.522913	0.496322	0.785017	0.62121	0.347628	0.569722	0.502167	0.560202	0.623244	0.0	0.347407	0.627032	0.096261	0.632345	0.620063	0.579728P.pygmaeus	0.511624	0.737595	0.570839	0.516491	0.516196	0.49207	0.580286	0.353812	0.379977	0.334985	0.93752	0.473947	0.490044	0.760358	0.675412	0.142118	0.710938	0.48267	0.649286	0.719207	0.347407	0.0	0.753108	0.358077	0.783529	0.822759	0.678549P.roxellan	0.624923	0.558527	0.387794	0.606971	0.571151	0.593671	0.837303	0.654285	0.724763	0.664609	0.868406	0.631654	0.572539	0.996304	0.281483	0.755696	0.338567	0.609481	0.308173	0.292111	0.627032	0.753108	0.0	0.642327	0.313102	0.677169	0.310626P.troglody	0.56283	0.661714	0.522484	0.527771	0.542584	0.561382	0.622979	0.254923	0.393118	0.194002	0.797767	0.545853	0.541333	0.797375	0.65493	0.36389	0.598972	0.533417	0.588161	0.626205	0.096261	0.358077	0.642327	0.0	0.652785	0.660439	0.612698S.entellus	0.661963	0.533555	0.394263	0.583113	0.564104	0.62422	0.777229	0.671434	0.720702	0.666032	0.781475	0.646076	0.595064	0.982716	0.322484	0.743478	0.372127	0.616954	0.32333	0.340569	0.632345	0.783529	0.313102	0.652785	0.0	0.662597	0.321295T.bancanus	0.948454	0.646598	0.669429	0.888194	0.853487	0.9029	0.65785	0.806232	0.845715	0.747783	0.706784	0.936926	0.944135	0.834798	0.66608	0.85154	0.629808	0.891276	0.672476	0.700125	0.620063	0.822759	0.677169	0.660439	0.662597	0.0	0.686923T.obscurus	0.587548	0.575255	0.385682	0.54253	0.533629	0.52665	0.747785	0.609561	0.664217	0.645024	0.764131	0.60523	0.593714	0.983141	0.320954	0.718569	0.3379	0.601638	0.301303	0.340857	0.579728	0.678549	0.310626	0.612698	0.321295	0.686923	0.0