27C.aethiops	0.0	0.73962	0.436459	0.077535	0.115007	0.062346	0.62851	0.496977	0.476388	0.474056	0.871876	0.313886	0.323905	0.759798	0.468776	0.412316	0.607759	0.324652	0.489665	0.513485	0.480611	0.434588	0.548872	0.498173	0.594909	0.901523	0.522151C.albifron	0.73962	0.0	0.658333	0.733422	0.744408	0.746481	0.645798	0.686012	0.657893	0.639719	0.738555	0.77692	0.671761	0.820652	0.565434	0.660619	0.595256	0.777071	0.604877	0.563815	0.669519	0.660052	0.614484	0.643254	0.576543	0.735514	0.640773C.guereza 	0.436459	0.658333	0.0	0.398217	0.417885	0.413361	0.623216	0.474542	0.522437	0.470748	0.747069	0.49597	0.431006	0.823883	0.335307	0.506481	0.341334	0.43157	0.341272	0.362752	0.44163	0.504398	0.358562	0.468466	0.372503	0.713456	0.359027C.pygeryth	0.077535	0.733422	0.398217	0.0	0.114079	0.072817	0.553758	0.464204	0.449469	0.440329	0.821673	0.311013	0.307027	0.742599	0.418005	0.424186	0.552292	0.327885	0.465746	0.485398	0.437982	0.441992	0.543955	0.470888	0.521055	0.862417	0.487692C.sabaeus 	0.115007	0.744408	0.417885	0.114079	0.0	0.109603	0.5602	0.477666	0.455118	0.440854	0.784124	0.301036	0.30031	0.740775	0.450996	0.419594	0.520981	0.304895	0.45207	0.46888	0.448181	0.438475	0.491092	0.474175	0.493204	0.795811	0.466186C.tantalus	0.062346	0.746481	0.413361	0.072817	0.109603	0.0	0.578657	0.479239	0.469624	0.448913	0.847302	0.289021	0.293315	0.790654	0.442848	0.413511	0.569462	0.315208	0.481579	0.503373	0.466748	0.413734	0.525349	0.498444	0.564375	0.855236	0.466281C.variegat	0.62851	0.645798	0.623216	0.553758	0.5602	0.578657	0.0	0.555473	0.577771	0.54457	0.580084	0.624963	0.568142	0.656782	0.638599	0.52796	0.714613	0.624282	0.678683	0.72865	0.532118	0.515743	0.821705	0.569694	0.726337	0.64009	0.731654G.gorilla 	0.496977	0.686012	0.474542	0.464204	0.477666	0.479239	0.555473	0.0	0.34208	0.198627	0.8456	0.441985	0.444088	0.713172	0.561344	0.273871	0.576902	0.422903	0.488646	0.604963	0.206991	0.290178	0.583218	0.210417	0.604688	0.793175	0.55539H.lar     	0.476388	0.657893	0.522437	0.449469	0.455118	0.469624	0.577771	0.34208	0.0	0.310503	0.839347	0.435124	0.403443	0.677492	0.579005	0.330883	0.603989	0.452623	0.552039	0.608941	0.320562	0.304419	0.629149	0.327563	0.640623	0.791069	0.58876H.sapiens 	0.474056	0.639719	0.470748	0.440329	0.440854	0.448913	0.54457	0.198627	0.310503	0.0	0.78247	0.41388	0.426037	0.71079	0.576578	0.263248	0.602339	0.438546	0.550081	0.579652	0.162915	0.277721	0.593803	0.160208	0.615998	0.720555	0.596615L.catta   	0.871876	0.738555	0.747069	0.821673	0.784124	0.847302	0.580084	0.8456	0.839347	0.78247	0.0	0.914386	0.95772	0.714068	0.828017	0.869337	0.902339	0.965452	0.774098	0.86633	0.812111	0.81436	0.934485	0.735436	0.842502	0.732014	0.787224M.mulatta 	0.313886	0.77692	0.49597	0.311013	0.301036	0.289021	0.624963	0.441985	0.435124	0.41388	0.914386	0.0	0.20717	0.656953	0.458289	0.392834	0.607326	0.316628	0.51149	0.525539	0.448516	0.393887	0.539607	0.464441	0.570362	0.855757	0.534296M.sylvanus	0.323905	0.671761	0.431006	0.307027	0.30031	0.293315	0.568142	0.444088	0.403443	0.426037	0.95772	0.20717	0.0	0.746514	0.452881	0.427775	0.592594	0.291851	0.495443	0.51493	0.426627	0.416468	0.506722	0.465874	0.527213	0.917131	0.525827N.coucang 	0.759798	0.820652	0.823883	0.742599	0.740775	0.790654	0.656782	0.713172	0.677492	0.71079	0.714068	0.656953	0.746514	0.0	0.835064	0.676729	0.943239	0.762628	0.768986	0.842769	0.727747	0.648936	0.987371	0.70443	0.978055	0.768924	1.0N.larvatus	0.468776	0.565434	0.335307	0.418005	0.450996	0.442848	0.638599	0.561344	0.579005	0.576578	0.828017	0.458289	0.452881	0.835064	0.0	0.617167	0.307548	0.468888	0.284236	0.266976	0.570339	0.580879	0.249219	0.594388	0.293262	0.702482	0.288919P.abelii  	0.412316	0.660619	0.506481	0.424186	0.419594	0.413511	0.52796	0.273871	0.330883	0.263248	0.869337	0.392834	0.427775	0.676729	0.617167	0.0	0.644794	0.39048	0.582588	0.696804	0.29551	0.11051	0.656265	0.306705	0.673194	0.789736	0.655698P.badius  	0.607759	0.595256	0.341334	0.552292	0.520981	0.569462	0.714613	0.576902	0.603989	0.602339	0.902339	0.607326	0.592594	0.943239	0.307548	0.644794	0.0	0.57039	0.353916	0.339755	0.526403	0.628871	0.31277	0.534276	0.356121	0.695897	0.315692P.hamadrya	0.324652	0.777071	0.43157	0.327885	0.304895	0.315208	0.624282	0.422903	0.452623	0.438546	0.965452	0.316628	0.291851	0.762628	0.468888	0.39048	0.57039	0.0	0.508445	0.556016	0.455769	0.416538	0.566145	0.475537	0.561757	0.879777	0.56581P.melaloph	0.489665	0.604877	0.341272	0.465746	0.45207	0.481579	0.678683	0.488646	0.552039	0.550081	0.774098	0.51149	0.495443	0.768986	0.284236	0.582588	0.353916	0.508445	0.0	0.308914	0.52976	0.557819	0.281399	0.545177	0.294948	0.713467	0.274796P.nemaeus 	0.513485	0.563815	0.362752	0.485398	0.46888	0.503373	0.72865	0.604963	0.608941	0.579652	0.86633	0.525539	0.51493	0.842769	0.266976	0.696804	0.339755	0.556016	0.308914	0.0	0.575345	0.604304	0.260103	0.565621	0.315608	0.756057	0.309513P.paniscus	0.480611	0.669519	0.44163	0.437982	0.448181	0.466748	0.532118	0.206991	0.320562	0.162915	0.812111	0.448516	0.426627	0.727747	0.570339	0.29551	0.526403	0.455769	0.52976	0.575345	0.0	0.296596	0.588917	0.079247	0.610299	0.599881	0.557803P.pygmaeus	0.434588	0.660052	0.504398	0.441992	0.438475	0.413734	0.515743	0.290178	0.304419	0.277721	0.81436	0.393887	0.416468	0.648936	0.580879	0.11051	0.628871	0.416538	0.557819	0.604304	0.296596	0.0	0.654575	0.295171	0.701776	0.749104	0.595887P.roxellan	0.548872	0.614484	0.358562	0.543955	0.491092	0.525349	0.821705	0.583218	0.629149	0.593803	0.934485	0.539607	0.506722	0.987371	0.249219	0.656265	0.31277	0.566145	0.281399	0.260103	0.588917	0.654575	0.0	0.589584	0.292676	0.744016	0.284694P.troglody	0.498173	0.643254	0.468466	0.470888	0.474175	0.498444	0.569694	0.210417	0.327563	0.160208	0.735436	0.464441	0.465874	0.70443	0.594388	0.306705	0.534276	0.475537	0.545177	0.565621	0.079247	0.295171	0.589584	0.0	0.619997	0.640222	0.580595S.entellus	0.594909	0.576543	0.372503	0.521055	0.493204	0.564375	0.726337	0.604688	0.640623	0.615998	0.842502	0.570362	0.527213	0.978055	0.293262	0.673194	0.356121	0.561757	0.294948	0.315608	0.610299	0.701776	0.292676	0.619997	0.0	0.707627	0.300032T.bancanus	0.901523	0.735514	0.713456	0.862417	0.795811	0.855236	0.64009	0.793175	0.791069	0.720555	0.732014	0.855757	0.917131	0.768924	0.702482	0.789736	0.695897	0.879777	0.713467	0.756057	0.599881	0.749104	0.744016	0.640222	0.707627	0.0	0.76341T.obscurus	0.522151	0.640773	0.359027	0.487692	0.466186	0.466281	0.731654	0.55539	0.58876	0.596615	0.787224	0.534296	0.525827	1.0	0.288919	0.655698	0.315692	0.56581	0.274796	0.309513	0.557803	0.595887	0.284694	0.580595	0.300032	0.76341	0.0