27C.aethiops	0.0	0.765886	0.505024	0.123351	0.175789	0.1031	0.62165	0.497523	0.528199	0.49184	0.908812	0.383815	0.375528	0.72726	0.576358	0.47298	0.743456	0.375634	0.557993	0.62605	0.486862	0.494191	0.664359	0.532982	0.717868	0.892702	0.629928C.albifron	0.765886	0.0	0.524102	0.701191	0.758989	0.73713	0.632345	0.684632	0.76805	0.675082	0.643539	0.857548	0.693812	0.770288	0.447678	0.821159	0.444504	0.738877	0.414739	0.439755	0.616537	0.804426	0.438032	0.622734	0.42302	0.515324	0.452661C.guereza 	0.505024	0.524102	0.0	0.448896	0.4685	0.468322	0.567807	0.491091	0.556073	0.473522	0.676228	0.582484	0.499315	0.744371	0.351681	0.588581	0.3665	0.451163	0.324372	0.37932	0.42768	0.548652	0.381656	0.454936	0.380171	0.558505	0.367048C.pygeryth	0.123351	0.701191	0.448896	0.0	0.161105	0.115527	0.53367	0.457826	0.494263	0.453371	0.834242	0.379519	0.354002	0.721187	0.527427	0.470024	0.672854	0.381409	0.523548	0.577458	0.4435	0.463254	0.658297	0.489536	0.625718	0.812486	0.567986C.sabaeus 	0.175789	0.758989	0.4685	0.161105	0.0	0.155701	0.548997	0.494275	0.52315	0.463584	0.823484	0.372381	0.350331	0.741602	0.547015	0.454295	0.651979	0.364639	0.506072	0.570861	0.462146	0.477182	0.609065	0.520325	0.625069	0.782639	0.572925C.tantalus	0.1031	0.73713	0.468322	0.115527	0.155701	0.0	0.585737	0.479255	0.532491	0.451983	0.830273	0.353873	0.350365	0.727576	0.553818	0.456468	0.714384	0.349841	0.546105	0.604432	0.479968	0.459413	0.650404	0.534685	0.684903	0.83699	0.570611C.variegat	0.62165	0.632345	0.567807	0.53367	0.548997	0.585737	0.0	0.522052	0.57734	0.504132	0.600556	0.665887	0.584803	0.630286	0.616588	0.504007	0.652626	0.645009	0.620893	0.664199	0.466271	0.513049	0.745884	0.508308	0.727535	0.573521	0.672618G.gorilla 	0.497523	0.684632	0.491091	0.457826	0.494275	0.479255	0.522052	0.0	0.429339	0.251409	0.87618	0.508641	0.480407	0.746895	0.593053	0.318409	0.595238	0.445327	0.533686	0.630238	0.263567	0.336553	0.663581	0.28075	0.698374	0.749186	0.56829H.lar     	0.528199	0.76805	0.556073	0.494263	0.52315	0.532491	0.57734	0.429339	0.0	0.399538	0.863548	0.535227	0.479064	0.722475	0.679157	0.426988	0.709403	0.518545	0.613018	0.686775	0.391382	0.399409	0.762615	0.411317	0.772843	0.7776	0.691921H.sapiens 	0.49184	0.675082	0.473522	0.453371	0.463584	0.451983	0.504132	0.251409	0.399538	0.0	0.774244	0.470282	0.45161	0.696251	0.631806	0.307826	0.653911	0.447646	0.548381	0.613904	0.207128	0.3281	0.656395	0.208116	0.679751	0.685387	0.631214L.catta   	0.908812	0.643539	0.676228	0.834242	0.823484	0.830273	0.600556	0.87618	0.863548	0.774244	0.0	1.0	0.954902	0.797455	0.754649	0.985205	0.764771	0.932091	0.676727	0.722197	0.762264	0.923963	0.779935	0.732435	0.73229	0.655308	0.681747M.mulatta 	0.383815	0.857548	0.582484	0.379519	0.372381	0.353873	0.665887	0.508641	0.535227	0.470282	1.0	0.0	0.294239	0.722529	0.594927	0.44602	0.775278	0.401971	0.616436	0.64725	0.535958	0.479145	0.69783	0.562407	0.718143	0.952919	0.698152M.sylvanus	0.375528	0.693812	0.499315	0.354002	0.350331	0.350365	0.584803	0.480407	0.479064	0.45161	0.954902	0.294239	0.0	0.73923	0.560446	0.489512	0.711002	0.35492	0.572211	0.600194	0.48112	0.491696	0.62347	0.530808	0.635998	0.880094	0.628073N.coucang 	0.72726	0.770288	0.744371	0.721187	0.741602	0.727576	0.630286	0.746895	0.722475	0.696251	0.797455	0.722529	0.73923	0.0	0.858458	0.73409	0.954404	0.742197	0.769469	0.864017	0.708262	0.708613	0.926399	0.707189	0.930421	0.846258	0.923556N.larvatus	0.576358	0.447678	0.351681	0.527427	0.547015	0.553818	0.616588	0.593053	0.679157	0.631806	0.754649	0.594927	0.560446	0.858458	0.0	0.743507	0.294438	0.553065	0.288126	0.279019	0.606317	0.725704	0.260078	0.625709	0.305361	0.532572	0.294719P.abelii  	0.47298	0.821159	0.588581	0.470024	0.454295	0.456468	0.504007	0.318409	0.426988	0.307826	0.985205	0.44602	0.489512	0.73409	0.743507	0.0	0.750707	0.43307	0.693611	0.787504	0.344751	0.171509	0.815506	0.371484	0.859623	0.845418	0.733249P.badius  	0.743456	0.444504	0.3665	0.672854	0.651979	0.714384	0.652626	0.595238	0.709403	0.653911	0.764771	0.775278	0.711002	0.954404	0.294438	0.750707	0.0	0.674291	0.332268	0.335906	0.545727	0.715487	0.296413	0.562768	0.325965	0.51141	0.307134P.hamadrya	0.375634	0.738877	0.451163	0.381409	0.364639	0.349841	0.645009	0.445327	0.518545	0.447646	0.932091	0.401971	0.35492	0.742197	0.553065	0.43307	0.674291	0.0	0.544279	0.636129	0.460272	0.472373	0.65332	0.497617	0.643627	0.868807	0.620168P.melaloph	0.557993	0.414739	0.324372	0.523548	0.506072	0.546105	0.620893	0.533686	0.613018	0.548381	0.676727	0.616436	0.572211	0.769469	0.288126	0.693611	0.332268	0.544279	0.0	0.295438	0.502119	0.63223	0.263282	0.511846	0.289359	0.522001	0.272636P.nemaeus 	0.62605	0.439755	0.37932	0.577458	0.570861	0.604432	0.664199	0.630238	0.686775	0.613904	0.722197	0.64725	0.600194	0.864017	0.279019	0.787504	0.335906	0.636129	0.295438	0.0	0.590713	0.715361	0.255959	0.593409	0.307187	0.554808	0.299497P.paniscus	0.486862	0.616537	0.42768	0.4435	0.462146	0.479968	0.466271	0.263567	0.391382	0.207128	0.762264	0.535958	0.48112	0.708262	0.606317	0.344751	0.545727	0.460272	0.502119	0.590713	0.0	0.335012	0.59712	0.113812	0.629578	0.542932	0.572036P.pygmaeus	0.494191	0.804426	0.548652	0.463254	0.477182	0.459413	0.513049	0.336553	0.399409	0.3281	0.923963	0.479145	0.491696	0.708613	0.725704	0.171509	0.715487	0.472373	0.63223	0.715361	0.335012	0.0	0.803203	0.350774	0.875647	0.816873	0.682856P.roxellan	0.664359	0.438032	0.381656	0.658297	0.609065	0.650404	0.745884	0.663581	0.762615	0.656395	0.779935	0.69783	0.62347	0.926399	0.260078	0.815506	0.296413	0.65332	0.263282	0.255959	0.59712	0.803203	0.0	0.629064	0.281824	0.549582	0.275189P.troglody	0.532982	0.622734	0.454936	0.489536	0.520325	0.534685	0.508308	0.28075	0.411317	0.208116	0.732435	0.562407	0.530808	0.707189	0.625709	0.371484	0.562768	0.497617	0.511846	0.593409	0.113812	0.350774	0.629064	0.0	0.655873	0.575342	0.594995S.entellus	0.717868	0.42302	0.380171	0.625718	0.625069	0.684903	0.727535	0.698374	0.772843	0.679751	0.73229	0.718143	0.635998	0.930421	0.305361	0.859623	0.325965	0.643627	0.289359	0.307187	0.629578	0.875647	0.281824	0.655873	0.0	0.543484	0.303953T.bancanus	0.892702	0.515324	0.558505	0.812486	0.782639	0.83699	0.573521	0.749186	0.7776	0.685387	0.655308	0.952919	0.880094	0.846258	0.532572	0.845418	0.51141	0.868807	0.522001	0.554808	0.542932	0.816873	0.549582	0.575342	0.543484	0.0	0.549507T.obscurus	0.629928	0.452661	0.367048	0.567986	0.572925	0.570611	0.672618	0.56829	0.691921	0.631214	0.681747	0.698152	0.628073	0.923556	0.294719	0.733249	0.307134	0.620168	0.272636	0.299497	0.572036	0.682856	0.275189	0.594995	0.303953	0.549507	0.0