27C.aethiops	0.0	0.774015	0.402405	0.09481	0.135734	0.077426	0.555601	0.425072	0.448698	0.420955	0.794097	0.322293	0.313641	0.649629	0.467242	0.375065	0.649019	0.32462	0.484345	0.556413	0.42635	0.405688	0.570276	0.463101	0.641378	0.80469	0.559495C.albifron	0.774015	0.0	0.588993	0.691878	0.740132	0.732532	0.580117	0.648423	0.656991	0.631272	0.703864	0.813474	0.693113	0.772515	0.493009	0.719004	0.474255	0.819285	0.491166	0.490368	0.630976	0.684751	0.532689	0.599513	0.499008	0.623126	0.539883C.guereza 	0.402405	0.588993	0.0	0.366447	0.389109	0.386078	0.527129	0.429102	0.47318	0.406484	0.689194	0.485286	0.413256	0.714568	0.323298	0.495336	0.34606	0.381763	0.308997	0.358758	0.38402	0.485129	0.3636	0.396276	0.364145	0.628768	0.365989C.pygeryth	0.09481	0.691878	0.366447	0.0	0.12222	0.085886	0.450437	0.390907	0.394132	0.384421	0.713106	0.317692	0.294298	0.635528	0.421471	0.376357	0.5763	0.323074	0.452835	0.503493	0.388116	0.386471	0.571469	0.429558	0.552756	0.747374	0.502577C.sabaeus 	0.135734	0.740132	0.389109	0.12222	0.0	0.114053	0.460237	0.413412	0.428008	0.382217	0.702572	0.30735	0.287617	0.668705	0.437785	0.359328	0.553341	0.302017	0.421214	0.485676	0.39094	0.388191	0.503417	0.445317	0.542378	0.676291	0.494168C.tantalus	0.077426	0.732532	0.386078	0.085886	0.114053	0.0	0.500361	0.401833	0.438262	0.378889	0.707761	0.285578	0.28251	0.660875	0.447961	0.357111	0.595044	0.299302	0.476903	0.53049	0.410331	0.369742	0.568887	0.466869	0.61042	0.735979	0.503535C.variegat	0.555601	0.580117	0.527129	0.450437	0.460237	0.500361	0.0	0.472767	0.488494	0.453404	0.512426	0.561743	0.500306	0.56048	0.550199	0.443974	0.606935	0.611181	0.569849	0.614421	0.426644	0.448661	0.737004	0.468719	0.661466	0.55458	0.670834G.gorilla 	0.425072	0.648423	0.429102	0.390907	0.413412	0.401833	0.472767	0.0	0.338421	0.203449	0.795131	0.42915	0.403757	0.627149	0.519324	0.263684	0.556351	0.387077	0.454734	0.557917	0.228514	0.26852	0.593291	0.231381	0.616929	0.736377	0.528788H.lar     	0.448698	0.656991	0.47318	0.394132	0.428008	0.438262	0.488494	0.338421	0.0	0.314055	0.763239	0.429327	0.388902	0.577077	0.564248	0.339553	0.586891	0.442836	0.513463	0.578726	0.315074	0.294177	0.621116	0.326996	0.693268	0.710336	0.589752H.sapiens 	0.420955	0.631272	0.406484	0.384421	0.382217	0.378889	0.453404	0.203449	0.314055	0.0	0.678447	0.376497	0.376414	0.600103	0.557111	0.252677	0.575146	0.388657	0.478971	0.52422	0.17347	0.265777	0.566131	0.171452	0.615309	0.627134	0.578929L.catta   	0.794097	0.703864	0.689194	0.713106	0.702572	0.707761	0.512426	0.795131	0.763239	0.678447	0.0	0.848191	0.886897	0.679708	0.831107	0.833591	0.853109	0.898033	0.714261	0.803179	0.713373	0.761486	0.894343	0.651073	0.833531	0.739219	0.729036M.mulatta 	0.322293	0.813474	0.485286	0.317692	0.30735	0.285578	0.561743	0.42915	0.429327	0.376497	0.848191	0.0	0.233919	0.611816	0.481689	0.351602	0.686168	0.340905	0.521553	0.546549	0.44221	0.386584	0.57363	0.458981	0.630575	0.797566	0.612305M.sylvanus	0.313641	0.693113	0.413256	0.294298	0.287617	0.28251	0.500306	0.403757	0.388902	0.376414	0.886897	0.233919	0.0	0.677952	0.458385	0.392843	0.652817	0.306202	0.50084	0.518886	0.415553	0.403005	0.550004	0.459227	0.558823	0.822574	0.57968N.coucang 	0.649629	0.772515	0.714568	0.635528	0.668705	0.660875	0.56048	0.627149	0.577077	0.600103	0.679708	0.611816	0.677952	0.0	0.801412	0.599722	0.942731	0.669256	0.720726	0.80477	0.633451	0.57407	0.95573	0.600165	0.910558	0.778279	1.0N.larvatus	0.467242	0.493009	0.323298	0.421471	0.437785	0.447961	0.550199	0.519324	0.564248	0.557111	0.831107	0.481689	0.458385	0.801412	0.0	0.630822	0.281594	0.483219	0.268359	0.25572	0.573437	0.609279	0.243074	0.574726	0.297339	0.605773	0.288055P.abelii  	0.375065	0.719004	0.495336	0.376357	0.359328	0.357111	0.443974	0.263684	0.339553	0.252677	0.833591	0.351602	0.392843	0.599722	0.630822	0.0	0.65738	0.349836	0.574219	0.673977	0.284806	0.127011	0.68041	0.307199	0.766604	0.745118	0.662845P.badius  	0.649019	0.474255	0.34606	0.5763	0.553341	0.595044	0.606935	0.556351	0.586891	0.575146	0.853109	0.686168	0.652817	0.942731	0.281594	0.65738	0.0	0.614085	0.343993	0.322961	0.495634	0.6137	0.291073	0.493382	0.336523	0.613927	0.314489P.hamadrya	0.32462	0.819285	0.381763	0.323074	0.302017	0.299302	0.611181	0.387077	0.442836	0.388657	0.898033	0.340905	0.306202	0.669256	0.483219	0.349836	0.614085	0.0	0.497513	0.601068	0.421841	0.404408	0.622575	0.443823	0.598325	0.835095	0.602139P.melaloph	0.484345	0.491166	0.308997	0.452835	0.421214	0.476903	0.569849	0.454734	0.513463	0.478971	0.714261	0.521553	0.50084	0.720726	0.268359	0.574219	0.343993	0.497513	0.0	0.283002	0.464817	0.516645	0.257052	0.457008	0.271458	0.584173	0.266934P.nemaeus 	0.556413	0.490368	0.358758	0.503493	0.485676	0.53049	0.614421	0.557917	0.578726	0.52422	0.803179	0.546549	0.518886	0.80477	0.25572	0.673977	0.322961	0.601068	0.283002	0.0	0.561714	0.569479	0.237595	0.534023	0.301297	0.654728	0.288443P.paniscus	0.42635	0.630976	0.38402	0.388116	0.39094	0.410331	0.426644	0.228514	0.315074	0.17347	0.713373	0.44221	0.415553	0.633451	0.573437	0.284806	0.495634	0.421841	0.464817	0.561714	0.0	0.283203	0.584087	0.092413	0.618053	0.525902	0.582381P.pygmaeus	0.405688	0.684751	0.485129	0.386471	0.388191	0.369742	0.448661	0.26852	0.294177	0.265777	0.761486	0.386584	0.403005	0.57407	0.609279	0.127011	0.6137	0.404408	0.516645	0.569479	0.283203	0.0	0.660158	0.286456	0.766182	0.698977	0.583402P.roxellan	0.570276	0.532689	0.3636	0.571469	0.503417	0.568887	0.737004	0.593291	0.621116	0.566131	0.894343	0.57363	0.550004	0.95573	0.243074	0.68041	0.291073	0.622575	0.257052	0.237595	0.584087	0.660158	0.0	0.575066	0.276435	0.664245	0.273055P.troglody	0.463101	0.599513	0.396276	0.429558	0.445317	0.466869	0.468719	0.231381	0.326996	0.171452	0.651073	0.458981	0.459227	0.600165	0.574726	0.307199	0.493382	0.443823	0.457008	0.534023	0.092413	0.286456	0.575066	0.0	0.618957	0.560024	0.579299S.entellus	0.641378	0.499008	0.364145	0.552756	0.542378	0.61042	0.661466	0.616929	0.693268	0.615309	0.833531	0.630575	0.558823	0.910558	0.297339	0.766604	0.336523	0.598325	0.271458	0.301297	0.618053	0.766182	0.276435	0.618957	0.0	0.627072	0.310538T.bancanus	0.80469	0.623126	0.628768	0.747374	0.676291	0.735979	0.55458	0.736377	0.710336	0.627134	0.739219	0.797566	0.822574	0.778279	0.605773	0.745118	0.613927	0.835095	0.584173	0.654728	0.525902	0.698977	0.664245	0.560024	0.627072	0.0	0.678661T.obscurus	0.559495	0.539883	0.365989	0.502577	0.494168	0.503535	0.670834	0.528788	0.589752	0.578929	0.729036	0.612305	0.57968	1.0	0.288055	0.662845	0.314489	0.602139	0.266934	0.288443	0.582381	0.583402	0.273055	0.579299	0.310538	0.678661	0.0