27C.aethiops	0.0	0.926128	0.019875	0.005256	0.006594	0.00485	0.9258	0.025245	0.022814	0.024685	0.034388	0.015213	0.015285	0.038887	0.018602	0.923748	0.0207	0.015477	0.017418	0.019054	0.023954	0.023276	0.026577	0.02435	0.028776	0.926113	0.018967C.albifron	0.926128	0.0	0.226213	0.226861	0.22671	0.227093	0.0034	0.226072	0.91388	0.226598	0.992608	0.226218	0.226531	0.92645	0.921928	0.0034	0.907808	0.226102	0.907891	0.909024	0.226734	0.226317	0.037445	0.22647	0.037442	0.0034	0.916721C.guereza 	0.019875	0.226213	0.0	0.017623	0.018067	0.017916	0.226192	0.022414	0.024666	0.022194	0.037555	0.019011	0.018148	0.043604	0.015096	0.226064	0.014478	0.01824	0.015006	0.016967	0.020943	0.022554	0.01794	0.020785	0.019092	0.226212	0.015316C.pygeryth	0.005256	0.226861	0.017623	0.0	0.006192	0.004827	0.226877	0.021526	0.02202	0.021054	0.038527	0.01328	0.013396	0.044564	0.018355	0.226748	0.01978	0.013859	0.018007	0.019122	0.020297	0.021966	0.02363	0.020562	0.023458	0.226863	0.0188C.sabaeus 	0.006594	0.22671	0.018067	0.006192	0.0	0.006167	0.226712	0.022399	0.023697	0.021845	0.040244	0.013666	0.01363	0.043102	0.019368	0.2265	0.020077	0.014242	0.018596	0.019581	0.020986	0.022489	0.023075	0.021289	0.022729	0.22671	0.018603C.tantalus	0.00485	0.227093	0.017916	0.004827	0.006167	0.0	0.227109	0.021355	0.022169	0.021084	0.037942	0.013172	0.013452	0.044961	0.018823	0.226978	0.020469	0.013833	0.01839	0.02006	0.020081	0.020614	0.023322	0.02052	0.024617	0.227095	0.018844C.variegat	0.9258	0.0034	0.226192	0.226877	0.226712	0.227109	0.0	0.226075	0.914136	0.2266	0.992671	0.22622	0.226511	0.926702	0.921586	0.0034	0.908056	0.226118	0.907558	0.909064	0.226737	0.22632	0.037444	0.226474	0.037441	0.0034	0.916381G.gorilla 	0.025245	0.226072	0.022414	0.021526	0.022399	0.021355	0.226075	0.0	0.015837	0.00935	0.04487	0.020477	0.020905	0.040855	0.024948	0.226452	0.024732	0.021066	0.023305	0.025385	0.008979	0.013249	0.029135	0.009173	0.030313	0.226071	0.02626H.lar     	0.022814	0.91388	0.024666	0.02202	0.023697	0.022169	0.914136	0.015837	0.0	0.015211	0.036878	0.021957	0.021166	0.034443	0.02159	0.912107	0.021899	0.02246	0.024691	0.023252	0.01459	0.016154	0.03215	0.014843	0.033448	0.913914	0.023161H.sapiens 	0.024685	0.226598	0.022194	0.021054	0.021845	0.021084	0.2266	0.00935	0.015211	0.0	0.039306	0.020168	0.02059	0.039163	0.024747	0.226387	0.025177	0.022625	0.025889	0.025182	0.008121	0.012842	0.029367	0.007935	0.029459	0.226598	0.026751L.catta   	0.034388	0.992608	0.037555	0.038527	0.040244	0.037942	0.992671	0.04487	0.036878	0.039306	0.0	0.054752	0.05576	0.039336	0.034054	1.0	0.043235	0.058921	0.043321	0.041462	0.040158	0.05166	0.065666	0.041083	0.052607	0.992596	0.03565M.mulatta 	0.015213	0.226218	0.019011	0.01328	0.013666	0.013172	0.22622	0.020477	0.021957	0.020168	0.054752	0.0	0.009948	0.037556	0.019184	0.226009	0.020588	0.013621	0.020809	0.020839	0.020037	0.018806	0.024112	0.020434	0.023296	0.226218	0.020212M.sylvanus	0.015285	0.226531	0.018148	0.013396	0.01363	0.013452	0.226511	0.020905	0.021166	0.02059	0.05576	0.009948	0.0	0.040668	0.019831	0.226386	0.021298	0.013778	0.020118	0.022226	0.020018	0.019969	0.022514	0.020736	0.023373	0.22653	0.020337N.coucang 	0.038887	0.92645	0.043604	0.044564	0.043102	0.044961	0.926702	0.040855	0.034443	0.039163	0.039336	0.037556	0.040668	0.0	0.03982	0.924698	0.039966	0.045822	0.036735	0.035908	0.038354	0.035619	0.056951	0.036852	0.060002	0.926473	0.044155N.larvatus	0.018602	0.921928	0.015096	0.018355	0.019368	0.018823	0.921586	0.024948	0.02159	0.024747	0.034054	0.019184	0.019831	0.03982	0.0	0.919455	0.014181	0.01991	0.012595	0.012462	0.02439	0.023508	0.015069	0.024537	0.01714	0.921912	0.012194P.abelii  	0.923748	0.0034	0.226064	0.226748	0.2265	0.226978	0.0034	0.226452	0.912107	0.226387	1.0	0.226009	0.226386	0.924698	0.919455	0.0	0.906135	0.225991	0.905447	0.905743	0.227116	0.226691	0.03744	0.226852	0.037437	0.0034	0.914267P.badius  	0.0207	0.907808	0.014478	0.01978	0.020077	0.020469	0.908056	0.024732	0.021899	0.025177	0.043235	0.020588	0.021298	0.039966	0.014181	0.906135	0.0	0.021233	0.015455	0.015321	0.022805	0.027167	0.019088	0.022553	0.020811	0.907844	0.013952P.hamadrya	0.015477	0.226102	0.01824	0.013859	0.014242	0.013833	0.226118	0.021066	0.02246	0.022625	0.058921	0.013621	0.013778	0.045822	0.01991	0.225991	0.021233	0.0	0.021542	0.021778	0.021535	0.020943	0.023949	0.021559	0.024279	0.226104	0.021405P.melaloph	0.017418	0.907891	0.015006	0.018007	0.018596	0.01839	0.907558	0.023305	0.024691	0.025889	0.043321	0.020809	0.020118	0.036735	0.012595	0.905447	0.015455	0.021542	0.0	0.013781	0.023919	0.025915	0.01663	0.024379	0.018124	0.907876	0.011764P.nemaeus 	0.019054	0.909024	0.016967	0.019122	0.019581	0.02006	0.909064	0.025385	0.023252	0.025182	0.041462	0.020839	0.022226	0.035908	0.012462	0.905743	0.015321	0.021778	0.013781	0.0	0.024899	0.026709	0.016866	0.025454	0.019936	0.909022	0.014261P.paniscus	0.023954	0.226734	0.020943	0.020297	0.020986	0.020081	0.226737	0.008979	0.01459	0.008121	0.040158	0.020037	0.020018	0.038354	0.02439	0.227116	0.022805	0.021535	0.023919	0.024899	0.0	0.012926	0.028729	0.00522	0.02871	0.226733	0.024702P.pygmaeus	0.023276	0.226317	0.022554	0.021966	0.022489	0.020614	0.22632	0.013249	0.016154	0.012842	0.05166	0.018806	0.019969	0.035619	0.023508	0.226691	0.027167	0.020943	0.025915	0.026709	0.012926	0.0	0.029992	0.013213	0.030672	0.226317	0.026175P.roxellan	0.026577	0.037445	0.01794	0.02363	0.023075	0.023322	0.037444	0.029135	0.03215	0.029367	0.065666	0.024112	0.022514	0.056951	0.015069	0.03744	0.019088	0.023949	0.01663	0.016866	0.028729	0.029992	0.0	0.028126	0.010424	0.037445	0.016428P.troglody	0.02435	0.22647	0.020785	0.020562	0.021289	0.02052	0.226474	0.009173	0.014843	0.007935	0.041083	0.020434	0.020736	0.036852	0.024537	0.226852	0.022553	0.021559	0.024379	0.025454	0.00522	0.013213	0.028126	0.0	0.02913	0.22647	0.025169S.entellus	0.028776	0.037442	0.019092	0.023458	0.022729	0.024617	0.037441	0.030313	0.033448	0.029459	0.052607	0.023296	0.023373	0.060002	0.01714	0.037437	0.020811	0.024279	0.018124	0.019936	0.02871	0.030672	0.010424	0.02913	0.0	0.037442	0.017158T.bancanus	0.926113	0.0034	0.226212	0.226863	0.22671	0.227095	0.0034	0.226071	0.913914	0.226598	0.992596	0.226218	0.22653	0.926473	0.921912	0.0034	0.907844	0.226104	0.907876	0.909022	0.226733	0.226317	0.037445	0.22647	0.037442	0.0	0.916707T.obscurus	0.018967	0.916721	0.015316	0.0188	0.018603	0.018844	0.916381	0.02626	0.023161	0.026751	0.03565	0.020212	0.020337	0.044155	0.012194	0.914267	0.013952	0.021405	0.011764	0.014261	0.024702	0.026175	0.016428	0.025169	0.017158	0.916707	0.0