27C.aethiops	0.0	0.642355	0.372984	0.093213	0.125363	0.080505	0.494422	0.377042	0.391231	0.373996	0.78687	0.283344	0.276472	0.604864	0.372728	0.305518	0.510449	0.29862	0.395005	0.450922	0.389344	0.336037	0.44656	0.409654	0.512964	0.851421	0.465411C.albifron	0.642355	0.0	0.495181	0.55438	0.580068	0.599001	0.496816	0.546499	0.543013	0.492932	0.666653	0.614055	0.546936	0.747365	0.388358	0.539884	0.398216	0.613591	0.445729	0.401432	0.495813	0.544161	0.42824	0.481213	0.389555	0.674172	0.445384C.guereza 	0.372984	0.495181	0.0	0.337144	0.340428	0.344443	0.483066	0.38303	0.383662	0.366047	0.708943	0.402978	0.363184	0.675959	0.253197	0.389549	0.261321	0.360126	0.280206	0.306673	0.360439	0.395311	0.287028	0.365764	0.293809	0.699005	0.291588C.pygeryth	0.093213	0.55438	0.337144	0.0	0.11079	0.080974	0.404383	0.332698	0.331799	0.32213	0.709764	0.252545	0.253523	0.574766	0.313946	0.296553	0.410369	0.281803	0.364017	0.381711	0.333949	0.317161	0.436447	0.354615	0.421304	0.769506	0.406485C.sabaeus 	0.125363	0.580068	0.340428	0.11079	0.0	0.108952	0.417658	0.343097	0.360439	0.330774	0.770552	0.258	0.244676	0.639645	0.323374	0.29378	0.410483	0.276805	0.337792	0.379219	0.346582	0.328455	0.372703	0.374647	0.405528	0.715582	0.393428C.tantalus	0.080505	0.599001	0.344443	0.080974	0.108952	0.0	0.43629	0.344579	0.368125	0.328064	0.692762	0.242465	0.244968	0.622235	0.341928	0.28519	0.44159	0.268772	0.377715	0.418725	0.361877	0.299933	0.42662	0.39291	0.462922	0.815884	0.409868C.variegat	0.494422	0.496816	0.483066	0.404383	0.417658	0.43629	0.0	0.426328	0.403143	0.392706	0.343995	0.486422	0.42898	0.476372	0.420349	0.34704	0.489642	0.562249	0.535971	0.500851	0.378574	0.350337	0.59964	0.399086	0.565585	0.526719	0.568474G.gorilla 	0.377042	0.546499	0.38303	0.332698	0.343097	0.344579	0.426328	0.0	0.271273	0.172494	0.769933	0.338966	0.340849	0.604098	0.407756	0.196739	0.433396	0.360214	0.400336	0.441154	0.184724	0.21175	0.473193	0.185476	0.50426	0.781951	0.45578H.lar     	0.391231	0.543013	0.383662	0.331799	0.360439	0.368125	0.403143	0.271273	0.0	0.251072	0.703492	0.335662	0.309821	0.508365	0.416799	0.24526	0.415992	0.376068	0.422876	0.449697	0.251526	0.229904	0.483694	0.256455	0.528339	0.666559	0.471051H.sapiens 	0.373996	0.492932	0.366047	0.32213	0.330774	0.328064	0.392706	0.172494	0.251072	0.0	0.663139	0.307931	0.31198	0.559801	0.403692	0.186771	0.417887	0.352148	0.406564	0.394826	0.152772	0.208998	0.431596	0.14984	0.490013	0.674716	0.465265L.catta   	0.78687	0.666653	0.708943	0.709764	0.770552	0.692762	0.343995	0.769933	0.703492	0.663139	0.0	0.823107	0.856824	0.575754	0.824248	0.764317	0.844358	1.0	0.875718	0.794142	0.671498	0.701512	0.939541	0.677391	0.816486	0.908434	0.721655M.mulatta 	0.283344	0.614055	0.402978	0.252545	0.258	0.242465	0.486422	0.338966	0.335662	0.307931	0.823107	0.0	0.191833	0.524702	0.375583	0.268144	0.482287	0.282001	0.423327	0.422864	0.348445	0.285041	0.437417	0.35959	0.480829	0.81583	0.463732M.sylvanus	0.276472	0.546936	0.363184	0.253523	0.244676	0.244968	0.42898	0.340849	0.309821	0.31198	0.856824	0.191833	0.0	0.575909	0.357414	0.30085	0.463785	0.280028	0.416758	0.399425	0.345365	0.308728	0.423377	0.3749	0.445064	0.803802	0.454348N.coucang 	0.604864	0.747365	0.675959	0.574766	0.639645	0.622235	0.476372	0.604098	0.508365	0.559801	0.575754	0.524702	0.575909	0.0	0.652655	0.522101	0.802816	0.630242	0.688304	0.675121	0.558188	0.518649	0.796121	0.52813	0.777973	0.837645	0.897967N.larvatus	0.372728	0.388358	0.253197	0.313946	0.323374	0.341928	0.420349	0.407756	0.416799	0.403692	0.824248	0.375583	0.357414	0.652655	0.0	0.466444	0.185508	0.37701	0.226788	0.195197	0.423989	0.443335	0.179798	0.421248	0.209666	0.586941	0.208546P.abelii  	0.305518	0.539884	0.389549	0.296553	0.29378	0.28519	0.34704	0.196739	0.24526	0.186771	0.764317	0.268144	0.30085	0.522101	0.466444	0.0	0.450075	0.294048	0.44045	0.495181	0.214014	0.081618	0.50449	0.222824	0.573233	0.683413	0.516936P.badius  	0.510449	0.398216	0.261321	0.410369	0.410483	0.44159	0.489642	0.433396	0.415992	0.417887	0.844358	0.482287	0.463785	0.802816	0.185508	0.450075	0.0	0.456441	0.275713	0.236909	0.369647	0.433293	0.203699	0.372998	0.235347	0.616506	0.230485P.hamadrya	0.29862	0.613591	0.360126	0.281803	0.276805	0.268772	0.562249	0.360214	0.376068	0.352148	1.0	0.282001	0.280028	0.630242	0.37701	0.294048	0.456441	0.0	0.426827	0.476025	0.387385	0.336981	0.476926	0.402628	0.470415	0.82586	0.499085P.melaloph	0.395005	0.445729	0.280206	0.364017	0.337792	0.377715	0.535971	0.400336	0.422876	0.406564	0.875718	0.423327	0.416758	0.688304	0.226788	0.44045	0.275713	0.426827	0.0	0.238344	0.40714	0.414066	0.223127	0.395679	0.246786	0.684942	0.228824P.nemaeus 	0.450922	0.401432	0.306673	0.381711	0.379219	0.418725	0.500851	0.441154	0.449697	0.394826	0.794142	0.422864	0.399425	0.675121	0.195197	0.495181	0.236909	0.476025	0.238344	0.0	0.430241	0.442308	0.185429	0.42394	0.235948	0.690366	0.220973P.paniscus	0.389344	0.495813	0.360439	0.333949	0.346582	0.361877	0.378574	0.184724	0.251526	0.152772	0.671498	0.348445	0.345365	0.558188	0.423989	0.214014	0.369647	0.387385	0.40714	0.430241	0.0	0.214569	0.472982	0.092154	0.498726	0.543146	0.465122P.pygmaeus	0.336037	0.544161	0.395311	0.317161	0.328455	0.299933	0.350337	0.21175	0.229904	0.208998	0.701512	0.285041	0.308728	0.518649	0.443335	0.081618	0.433293	0.336981	0.414066	0.442308	0.214569	0.0	0.514522	0.22014	0.595404	0.699424	0.468948P.roxellan	0.44656	0.42824	0.287028	0.436447	0.372703	0.42662	0.59964	0.473193	0.483694	0.431596	0.939541	0.437417	0.423377	0.796121	0.179798	0.50449	0.203699	0.476926	0.223127	0.185429	0.472982	0.514522	0.0	0.461735	0.204617	0.685777	0.208563P.troglody	0.409654	0.481213	0.365764	0.354615	0.374647	0.39291	0.399086	0.185476	0.256455	0.14984	0.677391	0.35959	0.3749	0.52813	0.421248	0.222824	0.372998	0.402628	0.395679	0.42394	0.092154	0.22014	0.461735	0.0	0.504315	0.575441	0.474618S.entellus	0.512964	0.389555	0.293809	0.421304	0.405528	0.462922	0.565585	0.50426	0.528339	0.490013	0.816486	0.480829	0.445064	0.777973	0.209666	0.573233	0.235347	0.470415	0.246786	0.235948	0.498726	0.595404	0.204617	0.504315	0.0	0.620324	0.235824T.bancanus	0.851421	0.674172	0.699005	0.769506	0.715582	0.815884	0.526719	0.781951	0.666559	0.674716	0.908434	0.81583	0.803802	0.837645	0.586941	0.683413	0.616506	0.82586	0.684942	0.690366	0.543146	0.699424	0.685777	0.575441	0.620324	0.0	0.738153T.obscurus	0.465411	0.445384	0.291588	0.406485	0.393428	0.409868	0.568474	0.45578	0.471051	0.465265	0.721655	0.463732	0.454348	0.897967	0.208546	0.516936	0.230485	0.499085	0.228824	0.220973	0.465122	0.468948	0.208563	0.474618	0.235824	0.738153	0.0