27C.aethiops	0.0	2.524991	2.24014	1.631855	1.723206	1.596314	2.405707	2.267904	2.300267	2.244167	2.747635	2.071206	2.067692	2.620831	2.364094	2.285926	2.535614	2.068402	2.41222	2.454232	2.224136	2.29852	2.474667	2.257349	2.549648	2.627481	2.448451C.albifron	2.524991	0.0	2.321511	2.50378	2.51957	2.524093	2.569811	2.577301	2.738332	2.577319	2.408878	2.580005	2.497539	2.595851	2.281066	2.839538	2.334141	2.559422	2.26965	2.309491	2.491646	2.821702	2.306634	2.523364	2.307648	2.370372	2.31871C.guereza 	2.24014	2.321511	0.0	2.203738	2.225797	2.231321	2.458746	2.352301	2.478763	2.363315	2.460463	2.333369	2.256901	2.582888	2.100412	2.534514	2.123879	2.26369	2.096952	2.164125	2.271687	2.526167	2.131466	2.314986	2.162104	2.395035	2.123273C.pygeryth	1.631855	2.50378	2.203738	0.0	1.715262	1.623732	2.370252	2.244012	2.282154	2.224506	2.706132	2.065516	2.05665	2.614776	2.317966	2.304488	2.484061	2.076065	2.384418	2.423834	2.183604	2.314873	2.478869	2.230279	2.4917	2.594	2.415363C.sabaeus 	1.723206	2.51957	2.225797	1.715262	0.0	1.71958	2.377899	2.268367	2.296601	2.237466	2.719117	2.0668	2.048074	2.623159	2.35432	2.321171	2.469515	2.061604	2.375416	2.435848	2.213359	2.338881	2.437315	2.247956	2.472558	2.584742	2.410599C.tantalus	1.596314	2.524093	2.231321	1.623732	1.71958	0.0	2.404989	2.262453	2.303143	2.232182	2.757167	2.052983	2.048713	2.644333	2.352006	2.304457	2.524037	2.066742	2.402067	2.457704	2.220504	2.295799	2.478375	2.26586	2.532778	2.637818	2.424387C.variegat	2.405707	2.569811	2.458746	2.370252	2.377899	2.404989	0.0	2.402333	2.483478	2.39038	2.616536	2.464785	2.404163	2.646485	2.583328	2.463754	2.705661	2.416234	2.663288	2.697369	2.356178	2.452242	2.760993	2.401672	2.744459	2.537775	2.703029G.gorilla 	2.267904	2.577301	2.352301	2.244012	2.268367	2.262453	2.402333	0.0	2.189223	1.914151	2.839895	2.266149	2.247852	2.696961	2.534396	2.114161	2.615467	2.240186	2.529516	2.63225	1.905118	2.141606	2.629133	1.92716	2.679635	2.675535	2.600631H.lar     	2.300267	2.738332	2.478763	2.282154	2.296601	2.303143	2.483478	2.189223	0.0	2.130897	3.036767	2.303149	2.255032	2.78728	2.670717	2.193912	2.799723	2.288946	2.753734	2.81279	2.121305	2.176429	2.820419	2.149596	2.876317	2.846966	2.765891H.sapiens 	2.244167	2.577319	2.363315	2.224506	2.237466	2.232182	2.39038	1.914151	2.130897	0.0	2.859237	2.248921	2.227577	2.704793	2.584515	2.077029	2.687064	2.247001	2.62584	2.658624	1.830979	2.098835	2.690432	1.835175	2.729191	2.684701	2.66998L.catta   	2.747635	2.408878	2.460463	2.706132	2.719117	2.757167	2.616536	2.839895	3.036767	2.859237	0.0	2.858855	2.834462	2.609327	2.485785	3.197993	2.521478	2.841979	2.425414	2.509995	2.728609	3.166347	2.516088	2.751563	2.500822	2.425756	2.469137M.mulatta 	2.071206	2.580005	2.333369	2.065516	2.0668	2.052983	2.464785	2.266149	2.303149	2.248921	2.858855	0.0	1.927085	2.624054	2.427421	2.308162	2.598005	2.086415	2.505162	2.526766	2.228497	2.296112	2.539152	2.274058	2.597896	2.696864	2.527387M.sylvanus	2.067692	2.497539	2.256901	2.05665	2.048074	2.048713	2.404163	2.247852	2.255032	2.227577	2.834462	1.927085	0.0	2.651009	2.39002	2.3209	2.562218	2.048357	2.454837	2.500081	2.208046	2.303985	2.48296	2.257705	2.54394	2.671024	2.507023N.coucang 	2.620831	2.595851	2.582888	2.614776	2.623159	2.644333	2.646485	2.696961	2.78728	2.704793	2.609327	2.624054	2.651009	0.0	2.636686	2.863128	2.737637	2.661229	2.613939	2.676669	2.611916	2.850445	2.729789	2.641438	2.770517	2.589937	2.71839N.larvatus	2.364094	2.281066	2.100412	2.317966	2.35432	2.352006	2.583328	2.534396	2.670717	2.584515	2.485785	2.427421	2.39002	2.636686	0.0	2.828514	2.07686	2.399267	2.021176	2.030631	2.468769	2.772186	1.991349	2.522829	2.066651	2.385715	2.046115P.abelii  	2.285926	2.839538	2.534514	2.304488	2.321171	2.304457	2.463754	2.114161	2.193912	2.077029	3.197993	2.308162	2.3209	2.863128	2.828514	0.0	2.955069	2.277459	2.911845	2.96933	2.120988	1.786501	2.996682	2.148438	3.020244	2.936053	2.956803P.badius  	2.535614	2.334141	2.123879	2.484061	2.469515	2.524037	2.705661	2.615467	2.799723	2.687064	2.521478	2.598005	2.562218	2.737637	2.07686	2.955069	0.0	2.564648	2.099598	2.132857	2.497345	2.942767	2.076302	2.533984	2.122373	2.409314	2.075216P.hamadrya	2.068402	2.559422	2.26369	2.076065	2.061604	2.066742	2.416234	2.240186	2.288946	2.247001	2.841979	2.086415	2.048357	2.661229	2.399267	2.277459	2.564648	0.0	2.485125	2.546805	2.228408	2.2933	2.535571	2.261355	2.578327	2.679576	2.523039P.melaloph	2.41222	2.26965	2.096952	2.384418	2.375416	2.402067	2.663288	2.529516	2.753734	2.62584	2.425414	2.505162	2.454837	2.613939	2.021176	2.911845	2.099598	2.485125	0.0	2.057767	2.494485	2.884726	2.012893	2.53807	2.04898	2.380153	1.992409P.nemaeus 	2.454232	2.309491	2.164125	2.423834	2.435848	2.457704	2.697369	2.63225	2.81279	2.658624	2.509995	2.526766	2.500081	2.676669	2.030631	2.96933	2.132857	2.546805	2.057767	0.0	2.54841	2.915186	2.026531	2.574433	2.11417	2.455373	2.081392P.paniscus	2.224136	2.491646	2.271687	2.183604	2.213359	2.220504	2.356178	1.905118	2.121305	1.830979	2.728609	2.228497	2.208046	2.611916	2.468769	2.120988	2.497345	2.228408	2.494485	2.54841	0.0	2.115403	2.556408	1.637465	2.583976	2.505364	2.51684P.pygmaeus	2.29852	2.821702	2.526167	2.314873	2.338881	2.295799	2.452242	2.141606	2.176429	2.098835	3.166347	2.296112	2.303985	2.850445	2.772186	1.786501	2.942767	2.2933	2.884726	2.915186	2.115403	0.0	2.994222	2.142139	3.032039	2.918296	2.908867P.roxellan	2.474667	2.306634	2.131466	2.478869	2.437315	2.478375	2.760993	2.629133	2.820419	2.690432	2.516088	2.539152	2.48296	2.729789	1.991349	2.996682	2.076302	2.535571	2.012893	2.026531	2.556408	2.994222	0.0	2.586446	2.047579	2.419618	2.018609P.troglody	2.257349	2.523364	2.314986	2.230279	2.247956	2.26586	2.401672	1.92716	2.149596	1.835175	2.751563	2.274058	2.257705	2.641438	2.522829	2.148438	2.533984	2.261355	2.53807	2.574433	1.637465	2.142139	2.586446	0.0	2.634272	2.557637	2.566298S.entellus	2.549648	2.307648	2.162104	2.4917	2.472558	2.532778	2.744459	2.679635	2.876317	2.729191	2.500822	2.597896	2.54394	2.770517	2.066651	3.020244	2.122373	2.578327	2.04898	2.11417	2.583976	3.032039	2.047579	2.634272	0.0	2.439858	2.059317T.bancanus	2.627481	2.370372	2.395035	2.594	2.584742	2.637818	2.537775	2.675535	2.846966	2.684701	2.425756	2.696864	2.671024	2.589937	2.385715	2.936053	2.409314	2.679576	2.380153	2.455373	2.505364	2.918296	2.419618	2.557637	2.439858	0.0	2.424346T.obscurus	2.448451	2.31871	2.123273	2.415363	2.410599	2.424387	2.703029	2.600631	2.765891	2.66998	2.469137	2.527387	2.507023	2.71839	2.046115	2.956803	2.075216	2.523039	1.992409	2.081392	2.51684	2.908867	2.018609	2.566298	2.059317	2.424346	0.0