27C.aethiops	0.0	0.4307	0.3995	0.3367	0.2533	0.298	0.3741	0.4378	0.4346	0.3541	0.3613	0.3122	0.276	0.5049	0.437	0.3185	0.5218	0.3615	0.4552	0.8267	0.3267	0.3759	0.5033	0.3546	0.5758	0.3211	0.52C.albifron	0.4307	0.0	0.3143	0.4283	0.3534	0.4085	0.4382	0.5484	0.5971	0.4905	0.1631	0.4177	0.3784	0.4476	0.255	0.5419	0.2797	0.4613	0.2244	0.5938	0.4026	0.5759	0.2681	0.4367	0.3324	0.146	0.2827C.guereza 	0.3995	0.3143	0.0	0.4068	0.3236	0.3789	0.4152	0.5024	0.5289	0.4284	0.2392	0.3822	0.349	0.4745	0.3208	0.4439	0.3597	0.4237	0.305	0.6786	0.3711	0.4891	0.35	0.4011	0.4163	0.218	0.362C.pygeryth	0.3367	0.4283	0.4068	0.0	0.2654	0.3124	0.3814	0.4489	0.4472	0.3651	0.3665	0.3237	0.2887	0.5151	0.4372	0.332	0.52	0.3767	0.4546	0.8271	0.3321	0.3857	0.5053	0.3614	0.5724	0.3234	0.5186C.sabaeus 	0.2533	0.3534	0.3236	0.2654	0.0	0.2285	0.2996	0.3688	0.3647	0.2832	0.2851	0.238	0.2026	0.4371	0.3554	0.2524	0.439	0.2906	0.3719	0.7389	0.2537	0.3067	0.4214	0.2831	0.4926	0.2401	0.4357C.tantalus	0.298	0.4085	0.3789	0.3124	0.2285	0.0	0.3505	0.415	0.4115	0.3275	0.3449	0.2846	0.2496	0.4888	0.4159	0.2944	0.5049	0.338	0.4354	0.8047	0.3006	0.3487	0.4833	0.3289	0.5569	0.2998	0.4983C.variegat	0.3741	0.4382	0.4152	0.3814	0.2996	0.3505	0.0	0.4527	0.4441	0.3718	0.3586	0.3444	0.3128	0.5064	0.4432	0.3345	0.5058	0.3951	0.4619	0.8286	0.3333	0.3847	0.5096	0.3613	0.5771	0.3036	0.5187G.gorilla 	0.4378	0.5484	0.5024	0.4489	0.3688	0.415	0.4527	0.0	0.4995	0.4119	0.4813	0.4096	0.3765	0.615	0.5503	0.3679	0.6164	0.459	0.5732	0.9447	0.3847	0.423	0.6185	0.4132	0.6888	0.4274	0.6245H.lar     	0.4346	0.5971	0.5289	0.4472	0.3647	0.4115	0.4441	0.4995	0.0	0.4074	0.5332	0.3972	0.3671	0.6399	0.5915	0.3434	0.6735	0.4471	0.6318	1.0	0.3926	0.3991	0.6784	0.4147	0.7464	0.4677	0.6828H.sapiens 	0.3541	0.4905	0.4284	0.3651	0.2832	0.3275	0.3718	0.4119	0.4074	0.0	0.429	0.3175	0.2913	0.5466	0.4933	0.2684	0.5677	0.369	0.5192	0.8837	0.2983	0.3268	0.5678	0.3229	0.6346	0.37	0.5721L.catta   	0.3613	0.1631	0.2392	0.3665	0.2851	0.3449	0.3586	0.4813	0.5332	0.429	0.0	0.3433	0.319	0.3387	0.1789	0.4877	0.197	0.3991	0.1437	0.5109	0.3445	0.5226	0.1915	0.3735	0.2578	0.0577	0.2061M.mulatta 	0.3122	0.4177	0.3822	0.3237	0.238	0.2846	0.3444	0.4096	0.3972	0.3175	0.3433	0.0	0.2402	0.4784	0.4165	0.2799	0.5029	0.3333	0.4408	0.8032	0.2978	0.3357	0.4879	0.3232	0.5543	0.3035	0.5058M.sylvanus	0.276	0.3784	0.349	0.2887	0.2026	0.2496	0.3128	0.3765	0.3671	0.2913	0.319	0.2402	0.0	0.4532	0.383	0.2548	0.4735	0.2997	0.4124	0.7712	0.2645	0.3081	0.4607	0.294	0.5242	0.273	0.4737N.coucang 	0.5049	0.4476	0.4745	0.5151	0.4371	0.4888	0.5064	0.615	0.6399	0.5466	0.3387	0.4784	0.4532	0.0	0.4618	0.5526	0.5098	0.5335	0.4506	0.8282	0.4909	0.6016	0.5012	0.5219	0.5658	0.3398	0.5181N.larvatus	0.437	0.255	0.3208	0.4372	0.3554	0.4159	0.4432	0.5503	0.5915	0.4933	0.1789	0.4165	0.383	0.4618	0.0	0.5348	0.2813	0.4671	0.2373	0.6021	0.4152	0.5749	0.2716	0.4511	0.3426	0.1672	0.2931P.abelii  	0.3185	0.5419	0.4439	0.332	0.2524	0.2944	0.3345	0.3679	0.3434	0.2684	0.4877	0.2799	0.2548	0.5526	0.5348	0.0	0.6183	0.3267	0.5791	0.9454	0.2645	0.2412	0.6289	0.291	0.6934	0.4037	0.6322P.badius  	0.5218	0.2797	0.3597	0.52	0.439	0.5049	0.5058	0.6164	0.6735	0.5677	0.197	0.5029	0.4735	0.5098	0.2813	0.6183	0.0	0.5529	0.2538	0.6267	0.4753	0.6555	0.2845	0.5111	0.3544	0.1848	0.3035P.hamadrya	0.3615	0.4613	0.4237	0.3767	0.2906	0.338	0.3951	0.459	0.4471	0.369	0.3991	0.3333	0.2997	0.5335	0.4671	0.3267	0.5529	0.0	0.4901	0.8601	0.3449	0.3833	0.5421	0.3748	0.6068	0.3554	0.548P.melaloph	0.4552	0.2244	0.305	0.4546	0.3719	0.4354	0.4619	0.5732	0.6318	0.5192	0.1437	0.4408	0.4124	0.4506	0.2373	0.5791	0.2538	0.4901	0.0	0.5711	0.4277	0.6153	0.2391	0.4637	0.3099	0.14	0.2575P.nemaeus 	0.8267	0.5938	0.6786	0.8271	0.7389	0.8047	0.8286	0.9447	1.0	0.8837	0.5109	0.8032	0.7712	0.8282	0.6021	0.9454	0.6267	0.8601	0.5711	0.0	0.7954	0.9833	0.6074	0.8322	0.6863	0.5094	0.6312P.paniscus	0.3267	0.4026	0.3711	0.3321	0.2537	0.3006	0.3333	0.3847	0.3926	0.2983	0.3445	0.2978	0.2645	0.4909	0.4152	0.2645	0.4753	0.3449	0.4277	0.7954	0.0	0.3145	0.4773	0.2862	0.548	0.2802	0.48P.pygmaeus	0.3759	0.5759	0.4891	0.3857	0.3067	0.3487	0.3847	0.423	0.3991	0.3268	0.5226	0.3357	0.3081	0.6016	0.5749	0.2412	0.6555	0.3833	0.6153	0.9833	0.3145	0.0	0.6669	0.3401	0.7337	0.444	0.663P.roxellan	0.5033	0.2681	0.35	0.5053	0.4214	0.4833	0.5096	0.6185	0.6784	0.5678	0.1915	0.4879	0.4607	0.5012	0.2716	0.6289	0.2845	0.5421	0.2391	0.6074	0.4773	0.6669	0.0	0.5128	0.3431	0.1845	0.2909P.troglody	0.3546	0.4367	0.4011	0.3614	0.2831	0.3289	0.3613	0.4132	0.4147	0.3229	0.3735	0.3232	0.294	0.5219	0.4511	0.291	0.5111	0.3748	0.4637	0.8322	0.2862	0.3401	0.5128	0.0	0.5841	0.3167	0.5176S.entellus	0.5758	0.3324	0.4163	0.5724	0.4926	0.5569	0.5771	0.6888	0.7464	0.6346	0.2578	0.5543	0.5242	0.5658	0.3426	0.6934	0.3544	0.6068	0.3099	0.6863	0.548	0.7337	0.3431	0.5841	0.0	0.2504	0.3646T.bancanus	0.3211	0.146	0.218	0.3234	0.2401	0.2998	0.3036	0.4274	0.4677	0.37	0.0577	0.3035	0.273	0.3398	0.1672	0.4037	0.1848	0.3554	0.14	0.5094	0.2802	0.444	0.1845	0.3167	0.2504	0.0	0.198T.obscurus	0.52	0.2827	0.362	0.5186	0.4357	0.4983	0.5187	0.6245	0.6828	0.5721	0.2061	0.5058	0.4737	0.5181	0.2931	0.6322	0.3035	0.548	0.2575	0.6312	0.48	0.663	0.2909	0.5176	0.3646	0.198	0.0