27C.aethiops	0.0	0.7583	0.6649	0.3347	0.3454	0.2934	0.7057	0.6764	0.6731	0.6311	0.7623	0.5267	0.51	0.8202	0.6678	0.5622	0.7754	0.558	0.6992	0.8367	0.6123	0.5976	0.7316	0.6358	0.794	0.7353	0.7394C.albifron	0.7583	0.0	0.6941	0.7543	0.7175	0.74	0.7609	0.8043	0.8414	0.7631	0.6199	0.7539	0.7082	0.8209	0.62	0.7871	0.6702	0.7811	0.6318	0.7591	0.7306	0.814	0.6453	0.7511	0.6768	0.6132	0.6712C.guereza 	0.6649	0.6941	0.0	0.6525	0.6198	0.6397	0.7684	0.7325	0.7776	0.705	0.6811	0.6755	0.6299	0.8473	0.5651	0.6986	0.6046	0.6856	0.5797	0.7196	0.6616	0.7239	0.6045	0.6881	0.6441	0.6659	0.609C.pygeryth	0.3347	0.7543	0.6525	0.0	0.3522	0.3121	0.6959	0.6697	0.6685	0.6246	0.7555	0.5324	0.5111	0.8292	0.6535	0.5824	0.758	0.5681	0.6866	0.8265	0.6022	0.6164	0.7392	0.6296	0.7693	0.7377	0.7279C.sabaeus 	0.3454	0.7175	0.6198	0.3522	0.0	0.3249	0.6504	0.6333	0.6366	0.5893	0.7138	0.4891	0.4654	0.7826	0.6239	0.5419	0.7076	0.5159	0.6455	0.7842	0.5675	0.5767	0.681	0.5948	0.718	0.6863	0.6812C.tantalus	0.2934	0.74	0.6397	0.3121	0.3249	0.0	0.6749	0.6517	0.6555	0.6041	0.7473	0.4975	0.4796	0.8124	0.6427	0.5489	0.7525	0.5363	0.6769	0.817	0.592	0.5756	0.7153	0.6211	0.7675	0.718	0.7038C.variegat	0.7057	0.7609	0.7684	0.6959	0.6504	0.6749	0.0	0.7306	0.7499	0.6906	0.6478	0.7027	0.6609	0.8379	0.7537	0.6459	0.8422	0.7233	0.8023	0.9516	0.6684	0.6657	0.8408	0.6992	0.8696	0.6892	0.8369G.gorilla 	0.6764	0.8043	0.7325	0.6697	0.6333	0.6517	0.7306	0.0	0.6449	0.4895	0.8311	0.6404	0.6205	0.8833	0.7557	0.5145	0.8193	0.6639	0.7601	0.9452	0.4798	0.555	0.8172	0.5006	0.8653	0.7754	0.8155H.lar     	0.6731	0.8414	0.7776	0.6685	0.6366	0.6555	0.7499	0.6449	0.0	0.583	0.873	0.6414	0.6052	0.8904	0.8055	0.5374	0.8717	0.6751	0.8373	1.0	0.5797	0.5557	0.879	0.6044	0.9238	0.8188	0.8671H.sapiens 	0.6311	0.7631	0.705	0.6246	0.5893	0.6041	0.6906	0.4895	0.583	0.0	0.7899	0.5932	0.575	0.851	0.7459	0.4632	0.8077	0.6306	0.7711	0.9148	0.4124	0.5051	0.7999	0.4233	0.8505	0.7382	0.8114L.catta   	0.7623	0.6199	0.6811	0.7555	0.7138	0.7473	0.6478	0.8311	0.873	0.7899	0.0	0.7736	0.7583	0.75	0.6381	0.8521	0.6792	0.8195	0.6305	0.7855	0.7452	0.8556	0.6722	0.7643	0.686	0.5761	0.6609M.mulatta 	0.5267	0.7539	0.6755	0.5324	0.4891	0.4975	0.7027	0.6404	0.6414	0.5932	0.7736	0.0	0.4154	0.791	0.6553	0.5415	0.7714	0.5394	0.7058	0.8312	0.5898	0.5664	0.729	0.6125	0.7788	0.7294	0.7372M.sylvanus	0.51	0.7082	0.6299	0.5111	0.4654	0.4796	0.6609	0.6205	0.6052	0.575	0.7583	0.4154	0.0	0.7849	0.6384	0.5393	0.7472	0.5085	0.6775	0.8113	0.5648	0.5607	0.6944	0.5968	0.7506	0.7176	0.7152N.coucang 	0.8202	0.8209	0.8473	0.8292	0.7826	0.8124	0.8379	0.8833	0.8904	0.851	0.75	0.791	0.7849	0.0	0.8153	0.8277	0.8805	0.8499	0.8086	0.9691	0.8119	0.8364	0.867	0.8295	0.9172	0.7386	0.8975N.larvatus	0.6678	0.62	0.5651	0.6535	0.6239	0.6427	0.7537	0.7557	0.8055	0.7459	0.6381	0.6553	0.6384	0.8153	0.0	0.7589	0.5265	0.6861	0.4859	0.5914	0.7009	0.7666	0.4766	0.7303	0.5384	0.605	0.5097P.abelii  	0.5622	0.7871	0.6986	0.5824	0.5419	0.5489	0.6459	0.5145	0.5374	0.4632	0.8521	0.5415	0.5393	0.8277	0.7589	0.0	0.8346	0.5692	0.7945	0.9602	0.4799	0.2786	0.8305	0.508	0.8805	0.7594	0.8381P.badius  	0.7754	0.6702	0.6046	0.758	0.7076	0.7525	0.8422	0.8193	0.8717	0.8077	0.6792	0.7714	0.7472	0.8805	0.5265	0.8346	0.0	0.7913	0.549	0.6696	0.7333	0.8579	0.5417	0.7595	0.6012	0.6366	0.5509P.hamadrya	0.558	0.7811	0.6856	0.5681	0.5159	0.5363	0.7233	0.6639	0.6751	0.6306	0.8195	0.5394	0.5085	0.8499	0.6861	0.5692	0.7913	0.0	0.7298	0.8864	0.624	0.6045	0.7697	0.6485	0.8092	0.7622	0.7806P.melaloph	0.6992	0.6318	0.5797	0.6866	0.6455	0.6769	0.8023	0.7601	0.8373	0.7711	0.6305	0.7058	0.6775	0.8086	0.4859	0.7945	0.549	0.7298	0.0	0.6269	0.7122	0.8153	0.5005	0.7395	0.5479	0.6113	0.501P.nemaeus 	0.8367	0.7591	0.7196	0.8265	0.7842	0.817	0.9516	0.9452	1.0	0.9148	0.7855	0.8312	0.8113	0.9691	0.5914	0.9602	0.6696	0.8864	0.6269	0.0	0.8632	0.9624	0.6033	0.8842	0.6824	0.7537	0.651P.paniscus	0.6123	0.7306	0.6616	0.6022	0.5675	0.592	0.6684	0.4798	0.5797	0.4124	0.7452	0.5898	0.5648	0.8119	0.7009	0.4799	0.7333	0.624	0.7122	0.8632	0.0	0.5072	0.7474	0.3137	0.794	0.6526	0.744P.pygmaeus	0.5976	0.814	0.7239	0.6164	0.5767	0.5756	0.6657	0.555	0.5557	0.5051	0.8556	0.5664	0.5607	0.8364	0.7666	0.2786	0.8579	0.6045	0.8153	0.9624	0.5072	0.0	0.8529	0.5295	0.9173	0.7764	0.8379P.roxellan	0.7316	0.6453	0.6045	0.7392	0.681	0.7153	0.8408	0.8172	0.879	0.7999	0.6722	0.729	0.6944	0.867	0.4766	0.8305	0.5417	0.7697	0.5005	0.6033	0.7474	0.8529	0.0	0.7733	0.5513	0.6308	0.5264P.troglody	0.6358	0.7511	0.6881	0.6296	0.5948	0.6211	0.6992	0.5006	0.6044	0.4233	0.7643	0.6125	0.5968	0.8295	0.7303	0.508	0.7595	0.6485	0.7395	0.8842	0.3137	0.5295	0.7733	0.0	0.8205	0.6858	0.7732S.entellus	0.794	0.6768	0.6441	0.7693	0.718	0.7675	0.8696	0.8653	0.9238	0.8505	0.686	0.7788	0.7506	0.9172	0.5384	0.8805	0.6012	0.8092	0.5479	0.6824	0.794	0.9173	0.5513	0.8205	0.0	0.666	0.5676T.bancanus	0.7353	0.6132	0.6659	0.7377	0.6863	0.718	0.6892	0.7754	0.8188	0.7382	0.5761	0.7294	0.7176	0.7386	0.605	0.7594	0.6366	0.7622	0.6113	0.7537	0.6526	0.7764	0.6308	0.6858	0.666	0.0	0.656T.obscurus	0.7394	0.6712	0.609	0.7279	0.6812	0.7038	0.8369	0.8155	0.8671	0.8114	0.6609	0.7372	0.7152	0.8975	0.5097	0.8381	0.5509	0.7806	0.501	0.651	0.744	0.8379	0.5264	0.7732	0.5676	0.656	0.0