27C.aethiops	0.0	0.824767	0.697771	0.269052	0.311887	0.240559	0.81027	0.723548	0.727352	0.687877	0.845253	0.551845	0.54881	0.890187	0.690096	0.645506	0.772843	0.574085	0.707188	0.792687	0.674825	0.667383	0.750538	0.691527	0.783942	0.839506	0.738224C.albifron	0.824767	0.0	0.783103	0.826766	0.805029	0.813397	0.852718	0.849701	0.881841	0.808518	0.738051	0.82857	0.791646	0.926063	0.734778	0.837671	0.766008	0.86228	0.745704	0.811636	0.79373	0.853971	0.757999	0.80745	0.761226	0.750626	0.776059C.guereza 	0.697771	0.783103	0.0	0.679868	0.66336	0.676217	0.855331	0.758983	0.814378	0.74816	0.782078	0.699545	0.667764	0.922689	0.582437	0.74658	0.595232	0.703272	0.603539	0.68057	0.714189	0.765374	0.609721	0.733062	0.639322	0.776427	0.611227C.pygeryth	0.269052	0.826766	0.679868	0.0	0.31673	0.257758	0.797919	0.709731	0.714272	0.679479	0.845253	0.547842	0.539517	0.917141	0.670593	0.665178	0.753281	0.577858	0.69753	0.776796	0.663435	0.689382	0.747282	0.681195	0.755324	0.845562	0.721698C.sabaeus 	0.311887	0.805029	0.66336	0.31673	0.0	0.303976	0.769917	0.70173	0.695522	0.660042	0.816934	0.525763	0.514702	0.860483	0.670593	0.641787	0.720439	0.550022	0.680961	0.763748	0.647999	0.661472	0.715434	0.666089	0.725743	0.823471	0.694C.tantalus	0.240559	0.813397	0.676217	0.257758	0.303976	0.0	0.780869	0.708335	0.709731	0.670057	0.842886	0.530168	0.519289	0.895067	0.66998	0.638022	0.746317	0.562559	0.692324	0.778737	0.658091	0.655327	0.731095	0.680805	0.763477	0.8196	0.705145C.variegat	0.81027	0.852718	0.855331	0.797919	0.769917	0.780869	0.0	0.809102	0.834217	0.78152	0.65317	0.805996	0.785999	0.904938	0.842784	0.756927	0.90811	0.809394	0.88655	0.993027	0.759073	0.769188	0.897298	0.785906	0.925596	0.788816	0.89607G.gorilla 	0.723548	0.849701	0.758983	0.709731	0.70173	0.708335	0.809102	0.0	0.634642	0.450352	0.909929	0.692404	0.682917	0.927697	0.77772	0.534908	0.822278	0.710225	0.775046	0.892733	0.43735	0.559271	0.817624	0.451527	0.850532	0.852718	0.823471H.lar     	0.727352	0.881841	0.814378	0.714272	0.695522	0.709731	0.834217	0.634642	0.0	0.591261	0.919216	0.697208	0.661397	0.941039	0.823272	0.583475	0.865464	0.716681	0.855436	0.945585	0.587124	0.593507	0.87274	0.600979	0.896851	0.908678	0.861857H.sapiens 	0.687877	0.808518	0.74816	0.679479	0.660042	0.670057	0.78152	0.450352	0.591261	0.0	0.86281	0.658391	0.651096	0.911753	0.766915	0.501807	0.81281	0.696485	0.803581	0.875003	0.381705	0.53046	0.815065	0.384328	0.838996	0.82867	0.817822L.catta   	0.845253	0.738051	0.782078	0.845253	0.816934	0.842886	0.65317	0.909929	0.919216	0.86281	0.0	0.878033	0.866529	0.823173	0.760238	0.915302	0.787031	0.903358	0.762485	0.845768	0.836043	0.922573	0.792782	0.838486	0.806577	0.697128	0.769097M.mulatta 	0.551845	0.82857	0.699545	0.547842	0.525763	0.530168	0.805996	0.692404	0.697208	0.658391	0.878033	0.0	0.417966	0.865358	0.680883	0.632281	0.756125	0.552272	0.717347	0.794869	0.651613	0.630287	0.735293	0.668909	0.753015	0.846284	0.732292M.sylvanus	0.54881	0.791646	0.667764	0.539517	0.514702	0.519289	0.785999	0.682917	0.661397	0.651096	0.866529	0.417966	0.0	0.876841	0.671513	0.637229	0.747457	0.53391	0.698013	0.791079	0.635431	0.640988	0.698496	0.66102	0.737792	0.833711	0.712369N.coucang 	0.890187	0.926063	0.922689	0.917141	0.860483	0.895067	0.904938	0.927697	0.941039	0.911753	0.823173	0.865358	0.876841	0.0	0.912096	0.889193	0.946907	0.921529	0.891957	1.0	0.885123	0.879119	0.941278	0.888531	0.983455	0.802425	0.966176N.larvatus	0.690096	0.734778	0.582437	0.670593	0.670593	0.66998	0.842784	0.77772	0.823272	0.766915	0.760238	0.680883	0.671513	0.912096	0.0	0.796964	0.563557	0.698174	0.516226	0.552028	0.739955	0.777904	0.482802	0.771378	0.539399	0.732292	0.517755P.abelii  	0.645506	0.837671	0.74658	0.665178	0.641787	0.638022	0.756927	0.534908	0.583475	0.501807	0.915302	0.632281	0.637229	0.889193	0.796964	0.0	0.85806	0.651984	0.816343	0.930157	0.521914	0.284108	0.850636	0.544111	0.87102	0.845665	0.864932P.badius  	0.772843	0.766008	0.595232	0.753281	0.720439	0.746317	0.90811	0.822278	0.865464	0.81281	0.787031	0.756125	0.747457	0.946907	0.563557	0.85806	0.0	0.774127	0.585883	0.640916	0.753369	0.876625	0.572304	0.773393	0.61439	0.765646	0.568635P.hamadrya	0.574085	0.86228	0.703272	0.577858	0.550022	0.562559	0.809394	0.710225	0.716681	0.696485	0.903358	0.552272	0.53391	0.921529	0.698174	0.651984	0.774127	0.0	0.750185	0.826065	0.683152	0.675598	0.762846	0.701892	0.77735	0.863658	0.767097P.melaloph	0.707188	0.745704	0.603539	0.69753	0.680961	0.692324	0.88655	0.775046	0.855436	0.803581	0.762485	0.717347	0.698013	0.891957	0.516226	0.816343	0.585883	0.750185	0.0	0.614252	0.738224	0.832295	0.527382	0.766824	0.557604	0.744567	0.514026P.nemaeus 	0.792687	0.811636	0.68057	0.776796	0.763748	0.778737	0.993027	0.892733	0.945585	0.875003	0.845768	0.794869	0.791079	1.0	0.552028	0.930157	0.640916	0.826065	0.614252	0.0	0.836145	0.924432	0.56312	0.865358	0.641932	0.851468	0.616256P.paniscus	0.674825	0.79373	0.714189	0.663435	0.647999	0.658091	0.759073	0.43735	0.587124	0.381705	0.836043	0.651613	0.635431	0.885123	0.739955	0.521914	0.753369	0.683152	0.738224	0.836145	0.0	0.533792	0.778274	0.252804	0.80387	0.760687	0.762756P.pygmaeus	0.667383	0.853971	0.765374	0.689382	0.661472	0.655327	0.769188	0.559271	0.593507	0.53046	0.922573	0.630287	0.640988	0.879119	0.777904	0.284108	0.876625	0.675598	0.832295	0.924432	0.533792	0.0	0.853136	0.553921	0.900545	0.862704	0.854076P.roxellan	0.750538	0.757999	0.609721	0.747282	0.715434	0.731095	0.897298	0.817624	0.87274	0.815065	0.792782	0.735293	0.698496	0.941278	0.482802	0.850636	0.572304	0.762846	0.527382	0.56312	0.778274	0.853136	0.0	0.790985	0.542436	0.765465	0.527497P.troglody	0.691527	0.80745	0.733062	0.681195	0.666089	0.680805	0.785906	0.451527	0.600979	0.384328	0.838486	0.668909	0.66102	0.888531	0.771378	0.544111	0.773393	0.701892	0.766824	0.865358	0.252804	0.553921	0.790985	0.0	0.822775	0.794584	0.794679S.entellus	0.783942	0.761226	0.639322	0.755324	0.725743	0.763477	0.925596	0.850532	0.896851	0.838996	0.806577	0.753015	0.737792	0.983455	0.539399	0.87102	0.61439	0.77735	0.557604	0.641932	0.80387	0.900545	0.542436	0.822775	0.0	0.801848	0.556619T.bancanus	0.839506	0.750626	0.776427	0.845562	0.823471	0.8196	0.788816	0.852718	0.908678	0.82867	0.697128	0.846284	0.833711	0.802425	0.732292	0.845665	0.765646	0.863658	0.744567	0.851468	0.760687	0.862704	0.765465	0.794584	0.801848	0.0	0.778829T.obscurus	0.738224	0.776059	0.611227	0.721698	0.694	0.705145	0.89607	0.823471	0.861857	0.817822	0.769097	0.732292	0.712369	0.966176	0.517755	0.864932	0.568635	0.767097	0.514026	0.616256	0.762756	0.854076	0.527497	0.794679	0.556619	0.778829	0.0