27C.aethiops	0.0	1.742	1.5515	1.125	1.1794	1.1028	1.6646	1.5457	1.5446	1.5263	1.9746	1.3985	1.3977	1.8499	1.6163	1.5075	1.7457	1.4041	1.6449	1.6735	1.5126	1.5192	1.6837	1.5291	1.732	1.8762	1.6839C.albifron	1.742	0.0	1.6256	1.7253	1.7328	1.7427	1.7886	1.7762	1.845	1.7638	1.7515	1.7728	1.7249	1.8881	1.5721	1.9037	1.6094	1.7707	1.5706	1.5903	1.7257	1.8995	1.5796	1.7389	1.5794	1.6975	1.6076C.guereza 	1.5515	1.6256	0.0	1.5247	1.5351	1.5415	1.7543	1.6162	1.6917	1.6244	1.8109	1.601	1.5567	1.8861	1.4497	1.7037	1.4696	1.5739	1.4527	1.4931	1.5721	1.6988	1.4775	1.5939	1.4895	1.7402	1.473C.pygeryth	1.125	1.7253	1.5247	0.0	1.1816	1.1188	1.6397	1.5274	1.5293	1.5083	1.9502	1.3986	1.3918	1.8547	1.5854	1.5288	1.7075	1.4103	1.6161	1.6491	1.4896	1.5384	1.6862	1.5115	1.6825	1.8696	1.6562C.sabaeus 	1.1794	1.7328	1.5351	1.1816	0.0	1.1755	1.6313	1.5329	1.5414	1.5143	1.9488	1.3912	1.3804	1.8468	1.6013	1.5263	1.6926	1.3913	1.615	1.6506	1.496	1.5379	1.6588	1.5185	1.6669	1.8503	1.6469C.tantalus	1.1028	1.7427	1.5415	1.1188	1.1755	0.0	1.6451	1.537	1.5462	1.5137	1.981	1.3831	1.3806	1.8691	1.6062	1.5147	1.7389	1.3993	1.6393	1.674	1.5098	1.5141	1.6877	1.5347	1.7196	1.8782	1.6571C.variegat	1.6646	1.7886	1.7543	1.6397	1.6313	1.6451	0.0	1.6648	1.7007	1.6531	1.8082	1.696	1.6551	1.9302	1.796	1.6706	1.9066	1.684	1.858	1.8983	1.6326	1.6577	1.9135	1.6623	1.9073	1.8374	1.8925G.gorilla 	1.5457	1.7762	1.6162	1.5274	1.5329	1.537	1.6648	0.0	1.4686	1.2984	2.0599	1.5251	1.5205	1.9171	1.7159	1.4053	1.7765	1.5187	1.7015	1.7981	1.2978	1.4242	1.7821	1.3095	1.8078	1.904	1.7663H.lar     	1.5446	1.845	1.6917	1.5293	1.5414	1.5462	1.7007	1.4686	0.0	1.4262	2.1521	1.5302	1.5016	1.9371	1.8035	1.44	1.8722	1.5387	1.8351	1.8925	1.4346	1.428	1.8944	1.4522	1.9157	1.9914	1.8598H.sapiens 	1.5263	1.7638	1.6244	1.5083	1.5143	1.5137	1.6531	1.2984	1.4262	0.0	2.0453	1.502	1.4994	1.9217	1.7545	1.3753	1.8146	1.5165	1.7746	1.8074	1.2484	1.397	1.8105	1.2477	1.8419	1.8967	1.8169L.catta   	1.9746	1.7515	1.8109	1.9502	1.9488	1.981	1.8082	2.0599	2.1521	2.0453	0.0	2.0415	2.0442	1.9937	1.8028	2.2907	1.831	2.0769	1.7674	1.8361	1.9762	2.235	1.828	1.9897	1.7973	1.8432	1.7946M.mulatta 	1.3985	1.7728	1.601	1.3986	1.3912	1.3831	1.696	1.5251	1.5302	1.502	2.0415	0.0	1.2965	1.8401	1.631	1.5075	1.7777	1.4069	1.691	1.7013	1.5107	1.5044	1.7163	1.5265	1.7454	1.9069	1.7171M.sylvanus	1.3977	1.7249	1.5567	1.3918	1.3804	1.3806	1.6551	1.5205	1.5016	1.4994	2.0442	1.2965	0.0	1.8593	1.6306	1.5285	1.7657	1.3866	1.6725	1.6985	1.498	1.5202	1.6876	1.5277	1.7271	1.916	1.7088N.coucang 	1.8499	1.8881	1.8861	1.8547	1.8468	1.8691	1.9302	1.9171	1.9371	1.9217	1.9937	1.8401	1.8593	0.0	1.8989	1.9824	1.9711	1.8941	1.8632	1.9219	1.8681	1.9441	1.9556	1.8773	1.9889	1.9222	1.9985N.larvatus	1.6163	1.5721	1.4497	1.5854	1.6013	1.6062	1.796	1.7159	1.8035	1.7545	1.8028	1.631	1.6306	1.8989	0.0	1.8741	1.4141	1.6356	1.3759	1.3784	1.6959	1.837	1.3532	1.7238	1.3959	1.7025	1.3882P.abelii  	1.5075	1.9037	1.7037	1.5288	1.5263	1.5147	1.6706	1.4053	1.44	1.3753	2.2907	1.5075	1.5285	1.9824	1.8741	0.0	1.9635	1.5083	1.9142	1.9847	1.4113	1.1712	1.9658	1.4344	1.9981	2.0424	1.9655P.badius  	1.7457	1.6094	1.4696	1.7075	1.6926	1.7389	1.9066	1.7765	1.8722	1.8146	1.831	1.7777	1.7657	1.9711	1.4141	1.9635	0.0	1.7634	1.4283	1.4451	1.706	1.952	1.4077	1.7286	1.4476	1.7128	1.41P.hamadrya	1.4041	1.7707	1.5739	1.4103	1.3913	1.3993	1.684	1.5187	1.5387	1.5165	2.0769	1.4069	1.3866	1.8941	1.6356	1.5083	1.7634	0.0	1.6843	1.7395	1.5206	1.5201	1.7366	1.5389	1.7483	1.9159	1.7418P.melaloph	1.6449	1.5706	1.4527	1.6161	1.615	1.6393	1.858	1.7015	1.8351	1.7746	1.7674	1.691	1.6725	1.8632	1.3759	1.9142	1.4283	1.6843	0.0	1.4073	1.6931	1.8989	1.369	1.7174	1.3918	1.6921	1.3596P.nemaeus 	1.6735	1.5903	1.4931	1.6491	1.6506	1.674	1.8983	1.7981	1.8925	1.8074	1.8361	1.7013	1.6985	1.9219	1.3784	1.9847	1.4451	1.7395	1.4073	0.0	1.7422	1.9344	1.3668	1.7542	1.4264	1.7396	1.4179P.paniscus	1.5126	1.7257	1.5721	1.4896	1.496	1.5098	1.6326	1.2978	1.4346	1.2484	1.9762	1.5107	1.498	1.8681	1.6959	1.4113	1.706	1.5206	1.6931	1.7422	0.0	1.4128	1.7382	1.1244	1.7621	1.7608	1.7199P.pygmaeus	1.5192	1.8995	1.6988	1.5384	1.5379	1.5141	1.6577	1.4242	1.428	1.397	2.235	1.5044	1.5202	1.9441	1.837	1.1712	1.952	1.5201	1.8989	1.9344	1.4128	0.0	1.9527	1.4273	2.0107	2.0197	1.9115P.roxellan	1.6837	1.5796	1.4775	1.6862	1.6588	1.6877	1.9135	1.7821	1.8944	1.8105	1.828	1.7163	1.6876	1.9556	1.3532	1.9658	1.4077	1.7366	1.369	1.3668	1.7382	1.9527	0.0	1.7605	1.3864	1.7122	1.384P.troglody	1.5291	1.7389	1.5939	1.5115	1.5185	1.5347	1.6623	1.3095	1.4522	1.2477	1.9897	1.5265	1.5277	1.8773	1.7238	1.4344	1.7286	1.5389	1.7174	1.7542	1.1244	1.4273	1.7605	0.0	1.7855	1.7975	1.7475S.entellus	1.732	1.5794	1.4895	1.6825	1.6669	1.7196	1.9073	1.8078	1.9157	1.8419	1.7973	1.7454	1.7271	1.9889	1.3959	1.9981	1.4476	1.7483	1.3918	1.4264	1.7621	2.0107	1.3864	1.7855	0.0	1.7192	1.3982T.bancanus	1.8762	1.6975	1.7402	1.8696	1.8503	1.8782	1.8374	1.904	1.9914	1.8967	1.8432	1.9069	1.916	1.9222	1.7025	2.0424	1.7128	1.9159	1.6921	1.7396	1.7608	2.0197	1.7122	1.7975	1.7192	0.0	1.7422T.obscurus	1.6839	1.6076	1.473	1.6562	1.6469	1.6571	1.8925	1.7663	1.8598	1.8169	1.7946	1.7171	1.7088	1.9985	1.3882	1.9655	1.41	1.7418	1.3596	1.4179	1.7199	1.9115	1.384	1.7475	1.3982	1.7422	0.0