27C.aethiops	0.0	1.0877	1.035	1.0018	1.0013	1.0011	1.0097	1.0093	1.0189	1.0135	1.111	1.0036	1.003	1.0382	1.0801	1.0316	1.1202	1.0063	1.1136	1.1005	1.0118	1.0289	1.117	1.0113	1.118	1.0799	1.1158C.albifron	1.0877	0.0	1.0193	1.08	1.0851	1.088	1.0879	1.1112	1.1617	1.1349	1.0193	1.0973	1.0936	1.0295	1.0093	1.2132	1.0168	1.1003	1.0104	1.0091	1.0943	1.1959	1.0125	1.1008	1.0138	1.0131	1.0123C.guereza 	1.035	1.0193	0.0	1.031	1.033	1.0359	1.0354	1.0466	1.0799	1.0591	1.029	1.0407	1.0399	1.0151	1.0126	1.1098	1.0277	1.0436	1.0248	1.0199	1.0367	1.0999	1.028	1.0404	1.0268	1.0178	1.0251C.pygeryth	1.0018	1.08	1.031	0.0	1.0018	1.0011	1.0098	1.0094	1.0209	1.0141	1.1059	1.0047	1.0045	1.0361	1.0734	1.0336	1.1119	1.0079	1.1053	1.0931	1.0104	1.0296	1.1096	1.0106	1.1088	1.0745	1.1068C.sabaeus 	1.0013	1.0851	1.033	1.0018	0.0	1.0013	1.0111	1.0119	1.0218	1.0155	1.1068	1.0038	1.003	1.039	1.0756	1.0359	1.1156	1.0076	1.1085	1.0959	1.0134	1.0322	1.1124	1.0131	1.1127	1.0774	1.1111C.tantalus	1.0011	1.088	1.0359	1.0011	1.0013	0.0	1.0103	1.0103	1.0191	1.0134	1.1128	1.0037	1.003	1.0403	1.0807	1.0323	1.1231	1.0068	1.1146	1.1013	1.0116	1.0283	1.1179	1.0111	1.1195	1.0814	1.1166C.variegat	1.0097	1.0879	1.0354	1.0098	1.0111	1.0103	0.0	1.011	1.0195	1.0152	1.1053	1.0102	1.0103	1.0376	1.0781	1.0323	1.1127	1.0119	1.1129	1.1	1.0103	1.0279	1.1176	1.0113	1.1184	1.0697	1.1132G.gorilla 	1.0093	1.1112	1.0466	1.0094	1.0119	1.0103	1.011	0.0	1.0091	1.0031	1.1389	1.0096	1.0107	1.056	1.0998	1.0151	1.136	1.011	1.1393	1.1234	1.0036	1.013	1.1413	1.0036	1.14	1.0968	1.1362H.lar     	1.0189	1.1617	1.0799	1.0209	1.0218	1.0191	1.0195	1.0091	0.0	1.0066	1.1991	1.0153	1.0162	1.0931	1.1497	1.0066	1.1986	1.0146	1.2042	1.1834	1.0136	1.0052	1.2069	1.0117	1.2044	1.1438	1.1992H.sapiens 	1.0135	1.1349	1.0591	1.0141	1.0155	1.0134	1.0152	1.0031	1.0066	0.0	1.1653	1.012	1.0139	1.0735	1.122	1.0089	1.1649	1.0123	1.1663	1.1485	1.0048	1.0072	1.1696	1.0039	1.1676	1.1184	1.1635L.catta   	1.111	1.0193	1.029	1.1059	1.1068	1.1128	1.1053	1.1389	1.1991	1.1653	0.0	1.1177	1.1187	1.029	1.0146	1.256	1.0166	1.1319	1.0093	1.0105	1.1215	1.2402	1.0158	1.1276	1.017	1.0125	1.0156M.mulatta 	1.0036	1.0973	1.0407	1.0047	1.0038	1.0037	1.0102	1.0096	1.0153	1.012	1.1177	0.0	1.0019	1.0439	1.0866	1.028	1.1282	1.0077	1.1239	1.1089	1.0124	1.025	1.1282	1.0112	1.1268	1.0866	1.1261M.sylvanus	1.003	1.0936	1.0399	1.0045	1.003	1.003	1.0103	1.0107	1.0162	1.0139	1.1187	1.0019	0.0	1.0443	1.0855	1.0307	1.1294	1.0058	1.1229	1.1084	1.013	1.0271	1.1279	1.0125	1.1264	1.0864	1.1256N.coucang 	1.0382	1.0295	1.0151	1.0361	1.039	1.0403	1.0376	1.056	1.0931	1.0735	1.029	1.0439	1.0443	0.0	1.0259	1.1226	1.0421	1.0518	1.035	1.0322	1.0503	1.1145	1.0423	1.0548	1.0435	1.0245	1.0418N.larvatus	1.0801	1.0093	1.0126	1.0734	1.0756	1.0807	1.0781	1.0998	1.1497	1.122	1.0146	1.0866	1.0855	1.0259	0.0	1.1964	1.0077	1.0944	1.0068	1.0035	1.0856	1.1817	1.0073	1.0924	1.0079	1.0107	1.007P.abelii  	1.0316	1.2132	1.1098	1.0336	1.0359	1.0323	1.0323	1.0151	1.0066	1.0089	1.256	1.028	1.0307	1.1226	1.1964	0.0	1.2496	1.0265	1.2594	1.2358	1.0216	1.0017	1.2633	1.0195	1.2576	1.1886	1.2546P.badius  	1.1202	1.0168	1.0277	1.1119	1.1156	1.1231	1.1127	1.136	1.1986	1.1649	1.0166	1.1282	1.1294	1.0421	1.0077	1.2496	0.0	1.1388	1.0076	1.0074	1.1194	1.2328	1.0075	1.1278	1.0074	1.0149	1.0061P.hamadrya	1.0063	1.1003	1.0436	1.0079	1.0076	1.0068	1.0119	1.011	1.0146	1.0123	1.1319	1.0077	1.0058	1.0518	1.0944	1.0265	1.1388	0.0	1.1326	1.1183	1.0113	1.0233	1.1392	1.0117	1.1365	1.0964	1.1333P.melaloph	1.1136	1.0104	1.0248	1.1053	1.1085	1.1146	1.1129	1.1393	1.2042	1.1663	1.0093	1.1239	1.1229	1.035	1.0068	1.2594	1.0076	1.1326	0.0	1.0024	1.12	1.2408	1.0043	1.1279	1.0053	1.0144	1.0045P.nemaeus 	1.1005	1.0091	1.0199	1.0931	1.0959	1.1013	1.1	1.1234	1.1834	1.1485	1.0105	1.1089	1.1084	1.0322	1.0035	1.2358	1.0074	1.1183	1.0024	0.0	1.1068	1.219	1.0034	1.1141	1.0052	1.0133	1.0048P.paniscus	1.0118	1.0943	1.0367	1.0104	1.0134	1.0116	1.0103	1.0036	1.0136	1.0048	1.1215	1.0124	1.013	1.0503	1.0856	1.0216	1.1194	1.0113	1.12	1.1068	0.0	1.0171	1.1239	1.0013	1.1234	1.0802	1.1172P.pygmaeus	1.0289	1.1959	1.0999	1.0296	1.0322	1.0283	1.0279	1.013	1.0052	1.0072	1.2402	1.025	1.0271	1.1145	1.1817	1.0017	1.2328	1.0233	1.2408	1.219	1.0171	0.0	1.2453	1.0152	1.2408	1.1744	1.234P.roxellan	1.117	1.0125	1.028	1.1096	1.1124	1.1179	1.1176	1.1413	1.2069	1.1696	1.0158	1.1282	1.1279	1.0423	1.0073	1.2633	1.0075	1.1392	1.0043	1.0034	1.1239	1.2453	0.0	1.1323	1.0064	1.017	1.0039P.troglody	1.0113	1.1008	1.0404	1.0106	1.0131	1.0111	1.0113	1.0036	1.0117	1.0039	1.1276	1.0112	1.0125	1.0548	1.0924	1.0195	1.1278	1.0117	1.1279	1.1141	1.0013	1.0152	1.1323	0.0	1.1319	1.0857	1.126S.entellus	1.118	1.0138	1.0268	1.1088	1.1127	1.1195	1.1184	1.14	1.2044	1.1676	1.017	1.1268	1.1264	1.0435	1.0079	1.2576	1.0074	1.1365	1.0053	1.0052	1.1234	1.2408	1.0064	1.1319	0.0	1.0187	1.0052T.bancanus	1.0799	1.0131	1.0178	1.0745	1.0774	1.0814	1.0697	1.0968	1.1438	1.1184	1.0125	1.0866	1.0864	1.0245	1.0107	1.1886	1.0149	1.0964	1.0144	1.0133	1.0802	1.1744	1.017	1.0857	1.0187	0.0	1.0152T.obscurus	1.1158	1.0123	1.0251	1.1068	1.1111	1.1166	1.1132	1.1362	1.1992	1.1635	1.0156	1.1261	1.1256	1.0418	1.007	1.2546	1.0061	1.1333	1.0045	1.0048	1.1172	1.234	1.0039	1.126	1.0052	1.0152	0.0