27C.aethiops	0.0	1.3241	1.2137	1.0467	1.0665	1.0382	1.2299	1.1868	1.2013	1.1902	1.4191	1.1446	1.14	1.2961	1.2774	1.1973	1.3719	1.1405	1.3093	1.3236	1.1808	1.1981	1.3417	1.1944	1.3598	1.3611	1.3383C.albifron	1.3241	0.0	1.2239	1.3089	1.3178	1.3255	1.3257	1.3487	1.4169	1.3626	1.2621	1.3496	1.3264	1.321	1.1997	1.4762	1.2117	1.3421	1.1896	1.1995	1.3139	1.4613	1.2004	1.32	1.195	1.2381	1.2057C.guereza 	1.2137	1.2239	0.0	1.2049	1.2071	1.2129	1.2732	1.2401	1.2913	1.2547	1.2936	1.2454	1.2262	1.3006	1.1675	1.3294	1.1867	1.2215	1.1694	1.1898	1.2189	1.3179	1.1898	1.2274	1.1925	1.2597	1.1853C.pygeryth	1.0467	1.3089	1.2049	0.0	1.0644	1.0439	1.2103	1.1826	1.1937	1.1838	1.4015	1.142	1.1378	1.3008	1.2613	1.2039	1.3523	1.1453	1.2951	1.3053	1.1749	1.2001	1.336	1.1881	1.3327	1.35	1.3192C.sabaeus 	1.0665	1.3178	1.2071	1.0644	0.0	1.0608	1.2135	1.1858	1.2031	1.1865	1.404	1.142	1.132	1.3055	1.2688	1.2003	1.348	1.1392	1.2888	1.3064	1.1774	1.2031	1.324	1.1936	1.3321	1.345	1.3194C.tantalus	1.0382	1.3255	1.2129	1.0439	1.0608	0.0	1.2207	1.1852	1.2033	1.1831	1.4118	1.1362	1.1339	1.3086	1.2779	1.1938	1.3738	1.1354	1.3127	1.3273	1.1837	1.1898	1.3471	1.2002	1.3588	1.3648	1.3308C.variegat	1.2299	1.3257	1.2732	1.2103	1.2135	1.2207	0.0	1.2244	1.244	1.2266	1.3593	1.2403	1.2235	1.314	1.3233	1.2386	1.3898	1.251	1.3705	1.3711	1.2086	1.2356	1.405	1.2218	1.4015	1.3268	1.3894G.gorilla 	1.1868	1.3487	1.2401	1.1826	1.1858	1.1852	1.2244	0.0	1.1711	1.1073	1.4633	1.1869	1.1863	1.3389	1.3244	1.1464	1.3739	1.1805	1.3397	1.3655	1.1129	1.1497	1.3839	1.1167	1.3954	1.3803	1.3624H.lar     	1.2013	1.4169	1.2913	1.1937	1.2031	1.2033	1.244	1.1711	0.0	1.1538	1.5442	1.1991	1.1838	1.3661	1.3966	1.1654	1.4617	1.2003	1.4335	1.4473	1.1614	1.1532	1.4771	1.1683	1.4873	1.4321	1.4538H.sapiens 	1.1902	1.3626	1.2547	1.1838	1.1865	1.1831	1.2266	1.1073	1.1538	0.0	1.4756	1.179	1.1782	1.347	1.3561	1.1356	1.4177	1.1804	1.3801	1.3817	1.0936	1.142	1.4097	1.0946	1.4305	1.39	1.4041L.catta   	1.4191	1.2621	1.2936	1.4015	1.404	1.4118	1.3593	1.4633	1.5442	1.4756	0.0	1.4528	1.4557	1.3537	1.3018	1.6368	1.3011	1.4714	1.2715	1.2949	1.4226	1.6068	1.2997	1.4288	1.289	1.2997	1.277M.mulatta 	1.1446	1.3496	1.2454	1.142	1.142	1.1362	1.2403	1.1869	1.1991	1.179	1.4528	0.0	1.1114	1.3083	1.2959	1.1878	1.399	1.1488	1.3382	1.3411	1.1917	1.1921	1.3675	1.1986	1.3769	1.3854	1.3648M.sylvanus	1.14	1.3264	1.2262	1.1378	1.132	1.1339	1.2235	1.1863	1.1838	1.1782	1.4557	1.1114	0.0	1.3145	1.2943	1.1987	1.3875	1.1404	1.3342	1.3324	1.1811	1.1959	1.3568	1.1978	1.3672	1.3769	1.359N.coucang 	1.2961	1.321	1.3006	1.3008	1.3055	1.3086	1.314	1.3389	1.3661	1.347	1.3537	1.3083	1.3145	0.0	1.3282	1.4099	1.3795	1.3249	1.3222	1.3407	1.3212	1.3943	1.3616	1.3192	1.3691	1.3422	1.3731N.larvatus	1.2774	1.1997	1.1675	1.2613	1.2688	1.2779	1.3233	1.3244	1.3966	1.3561	1.3018	1.2959	1.2943	1.3282	0.0	1.4618	1.147	1.2954	1.135	1.1384	1.3174	1.4427	1.1303	1.3248	1.1475	1.247	1.1435P.abelii  	1.1973	1.4762	1.3294	1.2039	1.2003	1.1938	1.2386	1.1464	1.1654	1.1356	1.6368	1.1878	1.1987	1.4099	1.4618	0.0	1.5274	1.1848	1.51	1.5233	1.1559	1.0622	1.5463	1.1674	1.5658	1.4938	1.5252P.badius  	1.3719	1.2117	1.1867	1.3523	1.348	1.3738	1.3898	1.3739	1.4617	1.4177	1.3011	1.399	1.3875	1.3795	1.147	1.5274	0.0	1.3869	1.1523	1.1613	1.3398	1.5081	1.1403	1.3512	1.1555	1.2488	1.1505P.hamadrya	1.1405	1.3421	1.2215	1.1453	1.1392	1.1354	1.251	1.1805	1.2003	1.1804	1.4714	1.1488	1.1404	1.3249	1.2954	1.1848	1.3869	0.0	1.3339	1.3579	1.1861	1.1931	1.3702	1.1964	1.3756	1.387	1.3628P.melaloph	1.3093	1.1896	1.1694	1.2951	1.2888	1.3127	1.3705	1.3397	1.4335	1.3801	1.2715	1.3382	1.3342	1.3222	1.135	1.51	1.1523	1.3339	0.0	1.1378	1.3236	1.4839	1.1264	1.3334	1.1382	1.2356	1.1279P.nemaeus 	1.3236	1.1995	1.1898	1.3053	1.3064	1.3273	1.3711	1.3655	1.4473	1.3817	1.2949	1.3411	1.3324	1.3407	1.1384	1.5233	1.1613	1.3579	1.1378	0.0	1.3427	1.4906	1.128	1.3488	1.1503	1.2557	1.1442P.paniscus	1.1808	1.3139	1.2189	1.1749	1.1774	1.1837	1.2086	1.1129	1.1614	1.0936	1.4226	1.1917	1.1811	1.3212	1.3174	1.1559	1.3398	1.1861	1.3236	1.3427	0.0	1.1533	1.357	1.0489	1.3707	1.3081	1.3471P.pygmaeus	1.1981	1.4613	1.3179	1.2001	1.2031	1.1898	1.2356	1.1497	1.1532	1.142	1.6068	1.1921	1.1959	1.3943	1.4427	1.0622	1.5081	1.1931	1.4839	1.4906	1.1533	0.0	1.53	1.1603	1.5593	1.4768	1.4949P.roxellan	1.3417	1.2004	1.1898	1.336	1.324	1.3471	1.405	1.3839	1.4771	1.4097	1.2997	1.3675	1.3568	1.3616	1.1303	1.5463	1.1403	1.3702	1.1264	1.128	1.357	1.53	0.0	1.3697	1.1381	1.2497	1.1372P.troglody	1.1944	1.32	1.2274	1.1881	1.1936	1.2002	1.2218	1.1167	1.1683	1.0946	1.4288	1.1986	1.1978	1.3192	1.3248	1.1674	1.3512	1.1964	1.3334	1.3488	1.0489	1.1603	1.3697	0.0	1.3846	1.3228	1.3594S.entellus	1.3598	1.195	1.1925	1.3327	1.3321	1.3588	1.4015	1.3954	1.4873	1.4305	1.289	1.3769	1.3672	1.3691	1.1475	1.5658	1.1555	1.3756	1.1382	1.1503	1.3707	1.5593	1.1381	1.3846	0.0	1.2531	1.1435T.bancanus	1.3611	1.2381	1.2597	1.35	1.345	1.3648	1.3268	1.3803	1.4321	1.39	1.2997	1.3854	1.3769	1.3422	1.247	1.4938	1.2488	1.387	1.2356	1.2557	1.3081	1.4768	1.2497	1.3228	1.2531	0.0	1.2594T.obscurus	1.3383	1.2057	1.1853	1.3192	1.3194	1.3308	1.3894	1.3624	1.4538	1.4041	1.277	1.3648	1.359	1.3731	1.1435	1.5252	1.1505	1.3628	1.1279	1.1442	1.3471	1.4949	1.1372	1.3594	1.1435	1.2594	0.0