27C.aethiops	0.0	0.221631	0.252873	0.180625	0.139933	0.16829	0.053008	0.244733	0.119491	0.236818	0.349205	0.105302	0.16829	0.156542	0.327453	0.156542	0.244733	0.067692	0.156542	0.244733	0.438266	0.200329	0.079477	0.372457	0.119491	0.33815	0.162345C.albifron	0.221631	0.0	0.393465	0.303643	0.253053	0.288307	0.144984	0.383345	0.227639	0.373505	0.513229	0.209998	0.288307	0.273702	0.486186	0.273702	0.383345	0.16324	0.273702	0.383345	0.623954	0.32814	0.177891	0.542137	0.227639	0.499486	0.280917C.guereza 	0.252873	0.393465	0.0	0.339572	0.286091	0.32336	0.171847	0.423828	0.259225	0.413426	0.561134	0.240576	0.32336	0.30792	0.532546	0.30792	0.423828	0.191146	0.30792	0.423828	0.678186	0.365469	0.206634	0.591695	0.259225	0.546606	0.315547C.pygeryth	0.180625	0.303643	0.339572	0.0	0.20969	0.2423	0.109727	0.33021	0.186182	0.321108	0.450353	0.169864	0.2423	0.228791	0.425338	0.228791	0.33021	0.126614	0.228791	0.33021	0.552773	0.279146	0.140166	0.477093	0.186182	0.43764	0.235464C.sabaeus 	0.139933	0.253053	0.286091	0.20969	0.0	0.196646	0.074739	0.277483	0.145043	0.269113	0.387959	0.130038	0.196646	0.184223	0.364957	0.184223	0.277483	0.090268	0.184223	0.277483	0.482139	0.230527	0.102729	0.412548	0.145043	0.376269	0.19036C.tantalus	0.16829	0.288307	0.32336	0.2423	0.196646	0.0	0.099121	0.314226	0.173712	0.305347	0.431439	0.157792	0.228461	0.215281	0.407034	0.215281	0.314226	0.115596	0.215281	0.314226	0.531362	0.264408	0.128817	0.457527	0.173712	0.419037	0.221791C.variegat	0.053008	0.144984	0.171847	0.109727	0.074739	0.099121	0.0	0.164847	0.057163	0.158042	0.254674	0.044963	0.099121	0.08902	0.235971	0.08902	0.164847	0.012626	0.08902	0.164847	0.33125	0.126668	0.022758	0.274667	0.057163	0.245169	0.094009G.gorilla 	0.244733	0.383345	0.423828	0.33021	0.277483	0.314226	0.164847	0.0	0.250995	0.403024	0.548652	0.232608	0.314226	0.299004	0.520466	0.299004	0.413279	0.183875	0.299004	0.413279	0.664055	0.355742	0.199145	0.578782	0.250995	0.534328	0.306524H.lar     	0.119491	0.227639	0.259225	0.186182	0.145043	0.173712	0.057163	0.250995	0.0	0.242993	0.356615	0.110032	0.173712	0.161835	0.334624	0.161835	0.250995	0.072009	0.161835	0.250995	0.446655	0.206103	0.083923	0.380123	0.124377	0.345439	0.167702H.sapiens 	0.236818	0.373505	0.413426	0.321108	0.269113	0.305347	0.158042	0.403024	0.242993	0.0	0.536516	0.224862	0.305347	0.290336	0.508722	0.290336	0.403024	0.176806	0.290336	0.403024	0.650317	0.346286	0.191863	0.566228	0.242993	0.522391	0.297751L.catta   	0.349205	0.513229	0.561134	0.450353	0.387959	0.431439	0.254674	0.548652	0.356615	0.536516	0.0	0.334858	0.431439	0.413426	0.675489	0.413426	0.548652	0.27719	0.413426	0.548652	0.845403	0.480566	0.295259	0.744496	0.356615	0.691892	0.422324M.mulatta 	0.105302	0.209998	0.240576	0.169864	0.130038	0.157792	0.044963	0.232608	0.110032	0.224862	0.334858	0.0	0.157792	0.146294	0.313568	0.146294	0.232608	0.059335	0.146294	0.232608	0.422024	0.189149	0.070868	0.357615	0.110032	0.324038	0.151973M.sylvanus	0.16829	0.288307	0.32336	0.2423	0.196646	0.228461	0.099121	0.314226	0.173712	0.305347	0.431439	0.157792	0.0	0.215281	0.407034	0.215281	0.314226	0.115596	0.215281	0.314226	0.531362	0.264408	0.128817	0.457527	0.173712	0.419037	0.221791N.coucang 	0.156542	0.273702	0.30792	0.228791	0.184223	0.215281	0.08902	0.299004	0.161835	0.290336	0.413426	0.146294	0.215281	0.0	0.389602	0.202414	0.299004	0.105103	0.202414	0.299004	0.510969	0.250371	0.118009	0.438893	0.161835	0.401319	0.20877N.larvatus	0.327453	0.486186	0.532546	0.425338	0.364957	0.407034	0.235971	0.520466	0.334624	0.508722	0.675489	0.313568	0.407034	0.389602	0.0	0.389602	0.520466	0.257761	0.389602	0.520466	0.807644	0.454576	0.275247	0.709993	0.334624	0.659086	0.398213P.abelii  	0.156542	0.273702	0.30792	0.228791	0.184223	0.215281	0.08902	0.299004	0.161835	0.290336	0.413426	0.146294	0.215281	0.202414	0.389602	0.0	0.299004	0.105103	0.202414	0.299004	0.510969	0.250371	0.118009	0.438893	0.161835	0.401319	0.20877P.badius  	0.244733	0.383345	0.423828	0.33021	0.277483	0.314226	0.164847	0.413279	0.250995	0.403024	0.548652	0.232608	0.314226	0.299004	0.520466	0.299004	0.0	0.183875	0.299004	0.413279	0.664055	0.355742	0.199145	0.578782	0.250995	0.534328	0.306524P.hamadrya	0.067692	0.16324	0.191146	0.126614	0.090268	0.115596	0.012626	0.183875	0.072009	0.176806	0.27719	0.059335	0.115596	0.105103	0.257761	0.105103	0.183875	0.0	0.105103	0.183875	0.35674	0.144213	0.036268	0.297959	0.072009	0.267316	0.110286P.melaloph	0.156542	0.273702	0.30792	0.228791	0.184223	0.215281	0.08902	0.299004	0.161835	0.290336	0.413426	0.146294	0.215281	0.202414	0.389602	0.202414	0.299004	0.105103	0.0	0.299004	0.510969	0.250371	0.118009	0.438893	0.161835	0.401319	0.20877P.nemaeus 	0.244733	0.383345	0.423828	0.33021	0.277483	0.314226	0.164847	0.413279	0.250995	0.403024	0.548652	0.232608	0.314226	0.299004	0.520466	0.299004	0.413279	0.183875	0.299004	0.0	0.664055	0.355742	0.199145	0.578782	0.250995	0.534328	0.306524P.paniscus	0.438266	0.623954	0.678186	0.552773	0.482139	0.531362	0.33125	0.664055	0.446655	0.650317	0.845403	0.422024	0.531362	0.510969	0.807644	0.510969	0.664055	0.35674	0.510969	0.664055	0.0	0.586977	0.377196	0.885766	0.446655	0.826214	0.521043P.pygmaeus	0.200329	0.32814	0.365469	0.279146	0.230527	0.264408	0.126668	0.355742	0.206103	0.346286	0.480566	0.189149	0.264408	0.250371	0.454576	0.250371	0.355742	0.144213	0.250371	0.355742	0.586977	0.0	0.158293	0.508348	0.206103	0.467358	0.257305P.roxellan	0.079477	0.177891	0.206634	0.140166	0.102729	0.128817	0.022758	0.199145	0.083923	0.191863	0.295259	0.070868	0.128817	0.118009	0.275247	0.118009	0.199145	0.036268	0.118009	0.199145	0.377196	0.158293	0.0	0.316652	0.083923	0.285089	0.123348P.troglody	0.372457	0.542137	0.591695	0.477093	0.412548	0.457527	0.274667	0.578782	0.380123	0.566228	0.744496	0.357615	0.457527	0.438893	0.709993	0.438893	0.578782	0.297959	0.438893	0.578782	0.885766	0.508348	0.316652	0.0	0.380123	0.726962	0.448098S.entellus	0.119491	0.227639	0.259225	0.186182	0.145043	0.173712	0.057163	0.250995	0.124377	0.242993	0.356615	0.110032	0.173712	0.161835	0.334624	0.161835	0.250995	0.072009	0.161835	0.250995	0.446655	0.206103	0.083923	0.380123	0.0	0.345439	0.167702T.bancanus	0.33815	0.499486	0.546606	0.43764	0.376269	0.419037	0.245169	0.534328	0.345439	0.522391	0.691892	0.324038	0.419037	0.401319	0.659086	0.401319	0.534328	0.267316	0.401319	0.534328	0.826214	0.467358	0.285089	0.726962	0.345439	0.0	0.410071T.obscurus	0.162345	0.280917	0.315547	0.235464	0.19036	0.221791	0.094009	0.306524	0.167702	0.297751	0.422324	0.151973	0.221791	0.20877	0.398213	0.20877	0.306524	0.110286	0.20877	0.306524	0.521043	0.257305	0.123348	0.448098	0.167702	0.410071	0.0