27C.aethiops	0.0	0.452922	0.50937	0.460092	0.444066	0.45184	0.613271	0.675243	0.683143	0.642399	0.768354	0.517701	0.513653	0.782911	0.665398	0.505472	0.555852	0.581591	0.467799	0.63099	0.706334	0.582783	0.516102	0.656945	0.564603	0.745445	0.581158C.albifron	0.452922	0.0	0.239037	0.408436	0.465068	0.437578	0.514811	0.565428	0.580115	0.535425	0.415096	0.495919	0.453537	0.604642	0.283568	0.511612	0.186482	0.480952	0.168269	0.291515	0.468814	0.529729	0.217571	0.45955	0.225539	0.327929	0.220943C.guereza 	0.50937	0.239037	0.0	0.478923	0.502058	0.494528	0.583104	0.61802	0.649266	0.555696	0.526203	0.557585	0.529883	0.740286	0.407087	0.503056	0.299271	0.57463	0.297771	0.418021	0.520315	0.545945	0.352271	0.512671	0.352549	0.481857	0.359412C.pygeryth	0.460092	0.408436	0.478923	0.0	0.444349	0.442967	0.609089	0.648233	0.673032	0.610462	0.735487	0.52204	0.517361	0.772377	0.61138	0.49523	0.508023	0.59989	0.448371	0.605287	0.639009	0.553406	0.51585	0.607652	0.537537	0.676313	0.547363C.sabaeus 	0.444066	0.465068	0.502058	0.444349	0.0	0.434684	0.621556	0.671845	0.670977	0.616926	0.757971	0.497095	0.494915	0.826884	0.640033	0.497754	0.534522	0.579766	0.461289	0.626198	0.685877	0.566904	0.507627	0.640189	0.549377	0.726569	0.576808C.tantalus	0.45184	0.437578	0.494528	0.442967	0.434684	0.0	0.620193	0.663497	0.686732	0.612502	0.721935	0.510973	0.505913	0.790993	0.625872	0.510498	0.540264	0.592553	0.45308	0.605576	0.659251	0.570263	0.506389	0.61713	0.551272	0.700189	0.560761C.variegat	0.613271	0.514811	0.583104	0.609089	0.621556	0.620193	0.0	0.74721	0.764842	0.714492	0.74446	0.660899	0.675849	0.845481	0.711383	0.574567	0.574369	0.702962	0.52893	0.703495	0.728719	0.636694	0.608808	0.703588	0.650075	0.638067	0.628046G.gorilla 	0.675243	0.565428	0.61802	0.648233	0.671845	0.663497	0.74721	0.0	0.799729	0.683351	0.853956	0.726115	0.706293	0.931272	0.766546	0.581059	0.61245	0.800628	0.608658	0.763783	0.689731	0.650797	0.701743	0.680036	0.726173	0.807975	0.731391H.lar     	0.683143	0.580115	0.649266	0.673032	0.670977	0.686732	0.764842	0.799729	0.0	0.758575	0.87582	0.693727	0.694927	1.0	0.780047	0.594167	0.611315	0.760064	0.622236	0.792999	0.790883	0.670263	0.714636	0.754941	0.722342	0.852817	0.739142H.sapiens 	0.642399	0.535425	0.555696	0.610462	0.616926	0.612502	0.714492	0.683351	0.758575	0.0	0.771841	0.667336	0.666378	0.92765	0.698339	0.521809	0.567897	0.748807	0.556281	0.694725	0.617184	0.58978	0.646311	0.610704	0.66005	0.730834	0.680847L.catta   	0.768354	0.415096	0.526203	0.735487	0.757971	0.721935	0.74446	0.853956	0.87582	0.771841	0.0	0.748325	0.760281	0.919234	0.624821	0.730678	0.500314	0.850786	0.482064	0.609609	0.721274	0.786632	0.577999	0.700344	0.583692	0.566208	0.584415M.mulatta 	0.517701	0.495919	0.557585	0.52204	0.497095	0.510973	0.660899	0.726115	0.693727	0.667336	0.748325	0.0	0.529199	0.850311	0.674774	0.533296	0.561501	0.626419	0.500208	0.66063	0.743073	0.610456	0.556331	0.693675	0.58464	0.754451	0.617879M.sylvanus	0.513653	0.453537	0.529883	0.517361	0.494915	0.505913	0.675849	0.706293	0.694927	0.666378	0.760281	0.529199	0.0	0.841704	0.655763	0.539914	0.572874	0.605948	0.495584	0.656522	0.708027	0.601836	0.587123	0.667946	0.578016	0.75553	0.612346N.coucang 	0.782911	0.604642	0.740286	0.772377	0.826884	0.790993	0.845481	0.931272	1.0	0.92765	0.919234	0.850311	0.841704	0.0	0.908325	0.789784	0.753908	0.902493	0.680235	0.88105	0.91058	0.854113	0.814226	0.897358	0.837641	0.910016	0.82325N.larvatus	0.665398	0.283568	0.407087	0.61138	0.640033	0.625872	0.711383	0.766546	0.780047	0.698339	0.624821	0.674774	0.655763	0.908325	0.0	0.661464	0.319197	0.727752	0.370899	0.457644	0.644451	0.707281	0.380256	0.645419	0.401409	0.50295	0.408605P.abelii  	0.505472	0.511612	0.503056	0.49523	0.497754	0.510498	0.574567	0.581059	0.594167	0.521809	0.730678	0.533296	0.539914	0.789784	0.661464	0.0	0.497048	0.61058	0.511752	0.664441	0.564884	0.451702	0.61379	0.548351	0.608375	0.695782	0.648552P.badius  	0.555852	0.186482	0.299271	0.508023	0.534522	0.540264	0.574369	0.61245	0.611315	0.567897	0.500314	0.561501	0.572874	0.753908	0.319197	0.497048	0.0	0.622879	0.256748	0.359768	0.512109	0.540192	0.265285	0.514358	0.28672	0.380064	0.287706P.hamadrya	0.581591	0.480952	0.57463	0.59989	0.579766	0.592553	0.702962	0.800628	0.760064	0.748807	0.850786	0.626419	0.605948	0.902493	0.727752	0.61058	0.622879	0.0	0.514853	0.699	0.784281	0.692109	0.610498	0.762976	0.617119	0.856212	0.642916P.melaloph	0.467799	0.168269	0.297771	0.448371	0.461289	0.45308	0.52893	0.608658	0.622236	0.556281	0.482064	0.500208	0.495584	0.680235	0.370899	0.511752	0.256748	0.514853	0.0	0.346295	0.518636	0.542314	0.254209	0.509715	0.282593	0.437332	0.290353P.nemaeus 	0.63099	0.291515	0.418021	0.605287	0.626198	0.605576	0.703495	0.763783	0.792999	0.694725	0.609609	0.66063	0.656522	0.88105	0.457644	0.664441	0.359768	0.699	0.346295	0.0	0.653037	0.710123	0.362846	0.648232	0.399006	0.560347	0.411862P.paniscus	0.706334	0.468814	0.520315	0.639009	0.685877	0.659251	0.728719	0.689731	0.790883	0.617184	0.721274	0.743073	0.708027	0.91058	0.644451	0.564884	0.512109	0.784281	0.518636	0.653037	0.0	0.607188	0.632499	0.573062	0.628687	0.628153	0.61672P.pygmaeus	0.582783	0.529729	0.545945	0.553406	0.566904	0.570263	0.636694	0.650797	0.670263	0.58978	0.786632	0.610456	0.601836	0.854113	0.707281	0.451702	0.540192	0.692109	0.542314	0.710123	0.607188	0.0	0.667119	0.591723	0.658001	0.73236	0.661898P.roxellan	0.516102	0.217571	0.352271	0.51585	0.507627	0.506389	0.608808	0.701743	0.714636	0.646311	0.577999	0.556331	0.587123	0.814226	0.380256	0.61379	0.265285	0.610498	0.254209	0.362846	0.632499	0.667119	0.0	0.621643	0.302444	0.472393	0.298352P.troglody	0.656945	0.45955	0.512671	0.607652	0.640189	0.61713	0.703588	0.680036	0.754941	0.610704	0.700344	0.693675	0.667946	0.897358	0.645419	0.548351	0.514358	0.762976	0.509715	0.648232	0.573062	0.591723	0.621643	0.0	0.632342	0.63089	0.620936S.entellus	0.564603	0.225539	0.352549	0.537537	0.549377	0.551272	0.650075	0.726173	0.722342	0.66005	0.583692	0.58464	0.578016	0.837641	0.401409	0.608375	0.28672	0.617119	0.282593	0.399006	0.628687	0.658001	0.302444	0.632342	0.0	0.493235	0.338465T.bancanus	0.745445	0.327929	0.481857	0.676313	0.726569	0.700189	0.638067	0.807975	0.852817	0.730834	0.566208	0.754451	0.75553	0.910016	0.50295	0.695782	0.380064	0.856212	0.437332	0.560347	0.628153	0.73236	0.472393	0.63089	0.493235	0.0	0.466056T.obscurus	0.581158	0.220943	0.359412	0.547363	0.576808	0.560761	0.628046	0.731391	0.739142	0.680847	0.584415	0.617879	0.612346	0.82325	0.408605	0.648552	0.287706	0.642916	0.290353	0.411862	0.61672	0.661898	0.298352	0.620936	0.338465	0.466056	0.0