27C.aethiops	0.0	5.6E-5	0.540052	0.214915	0.250003	0.206647	3.7E-5	0.654525	0.653623	0.649385	0.795011	0.470909	0.467319	0.888669	0.554697	1.12E-4	0.572883	0.4759	0.515228	0.553836	0.622268	0.64061	0.568477	0.632866	0.62102	5.6E-5	0.546081C.albifron	5.6E-5	0.0	5.6E-5	5.6E-5	5.6E-5	5.6E-5	0.0	5.6E-5	5.6E-5	5.6E-5	5.6E-5	5.6E-5	5.6E-5	5.6E-5	5.6E-5	0.0	5.6E-5	5.6E-5	5.6E-5	5.6E-5	5.6E-5	5.6E-5	5.6E-5	5.6E-5	5.6E-5	0.0	5.6E-5C.guereza 	0.540052	5.6E-5	0.0	0.540054	0.542105	0.538603	3.7E-5	0.656368	0.631258	0.639829	0.732668	0.560829	0.546546	0.9099	0.438968	1.12E-4	0.413509	0.553422	0.433746	0.479794	0.607473	0.644089	0.453879	0.598405	0.483928	5.6E-5	0.442245C.pygeryth	0.214915	5.6E-5	0.540054	0.0	0.247181	0.212106	3.7E-5	0.640193	0.616033	0.623032	0.802641	0.445779	0.446756	0.936246	0.532481	1.12E-4	0.540264	0.455664	0.516823	0.535485	0.593848	0.656145	0.56998	0.605928	0.589691	5.6E-5	0.535559C.sabaeus 	0.250003	5.6E-5	0.542105	0.247181	0.0	0.24855	3.7E-5	0.649687	0.638472	0.64528	0.828045	0.456157	0.450737	0.915581	0.531523	1.12E-4	0.544397	0.467112	0.521498	0.542203	0.606188	0.665461	0.547779	0.608506	0.555762	5.6E-5	0.511574C.tantalus	0.206647	5.6E-5	0.538603	0.212106	0.24855	0.0	3.7E-5	0.623412	0.601811	0.622422	0.810011	0.444556	0.450691	0.940172	0.530821	1.12E-4	0.546631	0.452556	0.519413	0.553402	0.579357	0.631047	0.557682	0.588087	0.595327	5.6E-5	0.528763C.variegat	3.7E-5	0.0	3.7E-5	3.7E-5	3.7E-5	3.7E-5	0.0	3.7E-5	3.7E-5	3.7E-5	3.7E-5	3.7E-5	3.7E-5	3.7E-5	3.7E-5	0.0	3.7E-5	3.7E-5	3.7E-5	3.7E-5	3.7E-5	3.7E-5	3.7E-5	3.7E-5	3.7E-5	0.0	3.7E-5G.gorilla 	0.654525	5.6E-5	0.656368	0.640193	0.649687	0.623412	3.7E-5	0.0	0.466868	0.322999	0.828008	0.628884	0.634013	0.89658	0.651863	1.12E-4	0.639298	0.643848	0.629259	0.652824	0.314764	0.432985	0.683706	0.318519	0.716204	5.6E-5	0.679742H.lar     	0.653623	5.6E-5	0.631258	0.616033	0.638472	0.601811	3.7E-5	0.466868	0.0	0.444588	0.816246	0.616804	0.611548	0.862006	0.601426	1.12E-4	0.611655	0.620662	0.694736	0.636507	0.436054	0.476779	0.654759	0.442256	0.702486	5.6E-5	0.638703H.sapiens 	0.649385	5.6E-5	0.639829	0.623032	0.64528	0.622422	3.7E-5	0.322999	0.444588	0.0	0.765609	0.613382	0.6257	0.854126	0.634913	1.12E-4	0.642064	0.679333	0.654775	0.649116	0.291907	0.407954	0.669728	0.28332	0.68921	5.6E-5	0.679474L.catta   	0.795011	5.6E-5	0.732668	0.802641	0.828045	0.810011	3.7E-5	0.828008	0.816246	0.765609	0.0	0.956608	0.921022	0.683851	0.779085	1.12E-4	0.810127	0.934125	0.757943	0.768733	0.759745	0.866088	0.833739	0.753749	0.873231	5.6E-5	0.771358M.mulatta 	0.470909	5.6E-5	0.560829	0.445779	0.456157	0.444556	3.7E-5	0.628884	0.616804	0.613382	0.956608	0.0	0.339076	0.873173	0.538622	1.12E-4	0.56267	0.448164	0.579553	0.575547	0.607721	0.580784	0.601269	0.615954	0.593743	5.6E-5	0.563079M.sylvanus	0.467319	5.6E-5	0.546546	0.446756	0.450737	0.450691	3.7E-5	0.634013	0.611548	0.6257	0.921022	0.339076	0.0	0.913033	0.548271	1.12E-4	0.56651	0.447906	0.564423	0.602937	0.596819	0.616774	0.570016	0.630179	0.58586	5.6E-5	0.55296N.coucang 	0.888669	5.6E-5	0.9099	0.936246	0.915581	0.940172	3.7E-5	0.89658	0.862006	0.854126	0.683851	0.873173	0.913033	0.0	0.884343	1.12E-4	0.883909	0.960779	0.886646	0.860376	0.84354	0.830199	0.92071	0.837283	1.0	5.6E-5	0.940772N.larvatus	0.554697	5.6E-5	0.438968	0.532481	0.531523	0.530821	3.7E-5	0.651863	0.601426	0.634913	0.779085	0.538622	0.548271	0.884343	0.0	1.12E-4	0.442637	0.557976	0.400488	0.39955	0.615825	0.611273	0.372216	0.616572	0.41622	5.6E-5	0.386953P.abelii  	1.12E-4	0.0	1.12E-4	1.12E-4	1.12E-4	1.12E-4	0.0	1.12E-4	1.12E-4	1.12E-4	1.12E-4	1.12E-4	1.12E-4	1.12E-4	1.12E-4	0.0	1.12E-4	1.12E-4	1.12E-4	1.12E-4	1.12E-4	1.12E-4	1.12E-4	1.12E-4	1.12E-4	0.0	1.12E-4P.badius  	0.572883	5.6E-5	0.413509	0.540264	0.544397	0.546631	3.7E-5	0.639298	0.611655	0.642064	0.810127	0.56267	0.56651	0.883909	0.442637	1.12E-4	0.0	0.576297	0.468676	0.481744	0.606974	0.684081	0.45485	0.598273	0.494818	5.6E-5	0.432065P.hamadrya	0.4759	5.6E-5	0.553422	0.455664	0.467112	0.452556	3.7E-5	0.643848	0.620662	0.679333	0.934125	0.448164	0.447906	0.960779	0.557976	1.12E-4	0.576297	0.0	0.593356	0.574769	0.635309	0.629606	0.580799	0.634844	0.601463	5.6E-5	0.574319P.melaloph	0.515228	5.6E-5	0.433746	0.516823	0.521498	0.519413	3.7E-5	0.629259	0.694736	0.654775	0.757943	0.579553	0.564423	0.886646	0.400488	1.12E-4	0.468676	0.593356	0.0	0.426273	0.616006	0.685809	0.400796	0.632224	0.43389	5.6E-5	0.379433P.nemaeus 	0.553836	5.6E-5	0.479794	0.535485	0.542203	0.553402	3.7E-5	0.652824	0.636507	0.649116	0.768733	0.575547	0.602937	0.860376	0.39955	1.12E-4	0.481744	0.574769	0.426273	0.0	0.632901	0.68531	0.407884	0.648951	0.472927	5.6E-5	0.444465P.paniscus	0.622268	5.6E-5	0.607473	0.593848	0.606188	0.579357	3.7E-5	0.314764	0.436054	0.291907	0.759745	0.607721	0.596819	0.84354	0.615825	1.12E-4	0.606974	0.635309	0.616006	0.632901	0.0	0.413064	0.650651	0.212682	0.659268	5.6E-5	0.631164P.pygmaeus	0.64061	5.6E-5	0.644089	0.656145	0.665461	0.631047	3.7E-5	0.432985	0.476779	0.407954	0.866088	0.580784	0.616774	0.830199	0.611273	1.12E-4	0.684081	0.629606	0.685809	0.68531	0.413064	0.0	0.686378	0.419468	0.709608	5.6E-5	0.664673P.roxellan	0.568477	5.6E-5	0.453879	0.56998	0.547779	0.557682	3.7E-5	0.683706	0.654759	0.669728	0.833739	0.601269	0.570016	0.92071	0.372216	1.12E-4	0.45485	0.580799	0.400796	0.407884	0.650651	0.686378	0.0	0.646915	0.424681	5.6E-5	0.397549P.troglody	0.632866	5.6E-5	0.598405	0.605928	0.608506	0.588087	3.7E-5	0.318519	0.442256	0.28332	0.753749	0.615954	0.630179	0.837283	0.616572	1.12E-4	0.598273	0.634844	0.632224	0.648951	0.212682	0.419468	0.646915	0.0	0.679555	5.6E-5	0.642667S.entellus	0.62102	5.6E-5	0.483928	0.589691	0.555762	0.595327	3.7E-5	0.716204	0.702486	0.68921	0.873231	0.593743	0.58586	1.0	0.41622	1.12E-4	0.494818	0.601463	0.43389	0.472927	0.659268	0.709608	0.424681	0.679555	0.0	5.6E-5	0.413676T.bancanus	5.6E-5	0.0	5.6E-5	5.6E-5	5.6E-5	5.6E-5	0.0	5.6E-5	5.6E-5	5.6E-5	5.6E-5	5.6E-5	5.6E-5	5.6E-5	5.6E-5	0.0	5.6E-5	5.6E-5	5.6E-5	5.6E-5	5.6E-5	5.6E-5	5.6E-5	5.6E-5	5.6E-5	0.0	5.6E-5T.obscurus	0.546081	5.6E-5	0.442245	0.535559	0.511574	0.528763	3.7E-5	0.679742	0.638703	0.679474	0.771358	0.563079	0.55296	0.940772	0.386953	1.12E-4	0.432065	0.574319	0.379433	0.444465	0.631164	0.664673	0.397549	0.642667	0.413676	5.6E-5	0.0