27C.aethiops	0.0	0.832374	0.525091	0.281879	0.300845	0.265949	0.549317	0.461968	0.538279	0.485867	0.722953	0.470991	0.405512	0.75262	0.536594	0.422656	0.73925	0.522657	0.576276	0.647092	0.498094	0.445467	0.697126	0.518125	0.742008	0.752396	0.73075C.albifron	0.832374	0.0	0.599547	0.716495	0.7266	0.719046	0.601086	0.58594	0.684952	0.588784	0.643269	0.732279	0.619362	0.793268	0.543451	0.589915	0.620922	0.734119	0.559914	0.589066	0.596256	0.600217	0.711745	0.586776	0.616475	0.624402	0.672064C.guereza 	0.525091	0.599547	0.0	0.497164	0.473864	0.483214	0.507509	0.443332	0.500564	0.465794	0.582754	0.518406	0.447518	0.683251	0.376799	0.457784	0.431338	0.483883	0.409414	0.491465	0.460373	0.477536	0.490119	0.465126	0.472734	0.559828	0.475596C.pygeryth	0.281879	0.716495	0.497164	0.0	0.254044	0.253298	0.474095	0.411236	0.455474	0.414588	0.642685	0.411625	0.3676	0.691736	0.472888	0.382269	0.637691	0.498132	0.521543	0.5694	0.404528	0.399756	0.703571	0.431009	0.670912	0.647221	0.641578C.sabaeus 	0.300845	0.7266	0.473864	0.254044	0.0	0.250806	0.45271	0.385477	0.4646	0.398332	0.687093	0.38617	0.326143	0.756579	0.427143	0.369455	0.587814	0.442877	0.464898	0.544058	0.406607	0.405262	0.565193	0.441182	0.616575	0.578671	0.582804C.tantalus	0.265949	0.719046	0.483214	0.253298	0.250806	0.0	0.482441	0.407163	0.495739	0.412606	0.623277	0.391569	0.342351	0.751671	0.471793	0.377074	0.619512	0.459626	0.514652	0.580569	0.433418	0.406338	0.632622	0.465628	0.654926	0.627685	0.599034C.variegat	0.549317	0.601086	0.507509	0.474095	0.45271	0.482441	0.0	0.400774	0.413208	0.380611	0.37644	0.520864	0.428547	0.489543	0.483275	0.328566	0.560022	0.576515	0.539198	0.581035	0.359486	0.350739	0.689579	0.379791	0.651994	0.353426	0.682966G.gorilla 	0.461968	0.58594	0.443332	0.411236	0.385477	0.407163	0.400774	0.0	0.349799	0.222446	0.542587	0.415177	0.369655	0.550841	0.465729	0.220786	0.5612	0.438802	0.493578	0.534095	0.224859	0.250319	0.601417	0.241873	0.660863	0.573196	0.588872H.lar     	0.538279	0.684952	0.500564	0.455474	0.4646	0.495739	0.413208	0.349799	0.0	0.347186	0.614479	0.48234	0.39875	0.603487	0.51853	0.30558	0.603615	0.512665	0.557816	0.590232	0.347981	0.311862	0.715226	0.356209	0.750334	0.609417	0.687722H.sapiens 	0.485867	0.588784	0.465794	0.414588	0.398332	0.412606	0.380611	0.222446	0.347186	0.0	0.511806	0.390379	0.366122	0.53946	0.492099	0.218449	0.566552	0.476116	0.502007	0.53769	0.208712	0.258121	0.642109	0.219713	0.676088	0.526305	0.639492L.catta   	0.722953	0.643269	0.582754	0.642685	0.687093	0.623277	0.37644	0.542587	0.614479	0.511806	0.0	0.673554	0.659697	0.518446	0.686063	0.559826	0.717416	0.747168	0.673176	0.700557	0.514553	0.565991	0.836808	0.505226	0.780265	0.483539	0.682767M.mulatta 	0.470991	0.732279	0.518406	0.411625	0.38617	0.391569	0.520864	0.415177	0.48234	0.390379	0.673554	0.0	0.288211	0.619447	0.495485	0.346817	0.632632	0.427726	0.544171	0.571007	0.43065	0.369712	0.626099	0.451795	0.66832	0.672612	0.645453M.sylvanus	0.405512	0.619362	0.447518	0.3676	0.326143	0.342351	0.428547	0.369655	0.39875	0.366122	0.659697	0.288211	0.0	0.612766	0.435049	0.334797	0.585079	0.389692	0.520458	0.512164	0.373399	0.361155	0.637542	0.423315	0.603779	0.602375	0.646759N.coucang 	0.75262	0.793268	0.683251	0.691736	0.756579	0.751671	0.489543	0.550841	0.603487	0.53946	0.518446	0.619447	0.612766	0.0	0.686991	0.521946	0.913942	0.726575	0.778639	0.766571	0.520056	0.525195	1.0	0.535631	0.916804	0.669669	0.980348N.larvatus	0.536594	0.543451	0.376799	0.472888	0.427143	0.471793	0.483275	0.465729	0.51853	0.492099	0.686063	0.495485	0.435049	0.686991	0.0	0.529643	0.364449	0.523527	0.385557	0.38354	0.475389	0.524864	0.399924	0.486182	0.413129	0.503606	0.418139P.abelii  	0.422656	0.589915	0.457784	0.382269	0.369455	0.377074	0.328566	0.220786	0.30558	0.218449	0.559826	0.346817	0.334797	0.521946	0.529643	0.0	0.539163	0.385138	0.500287	0.566525	0.249445	0.129751	0.665074	0.272137	0.69472	0.528331	0.6637P.badius  	0.73925	0.620922	0.431338	0.637691	0.587814	0.619512	0.560022	0.5612	0.603615	0.566552	0.717416	0.632632	0.585079	0.913942	0.364449	0.539163	0.0	0.649098	0.50278	0.501454	0.49033	0.560612	0.463937	0.514575	0.490517	0.618006	0.492578P.hamadrya	0.522657	0.734119	0.483883	0.498132	0.442877	0.459626	0.576515	0.438802	0.512665	0.476116	0.747168	0.427726	0.389692	0.726575	0.523527	0.385138	0.649098	0.0	0.564906	0.643659	0.500852	0.437993	0.731142	0.533775	0.70924	0.698137	0.695683P.melaloph	0.576276	0.559914	0.409414	0.521543	0.464898	0.514652	0.539198	0.493578	0.557816	0.502007	0.673176	0.544171	0.520458	0.778639	0.385557	0.500287	0.50278	0.564906	0.0	0.404705	0.479541	0.502684	0.453738	0.505416	0.457631	0.599999	0.422072P.nemaeus 	0.647092	0.589066	0.491465	0.5694	0.544058	0.580569	0.581035	0.534095	0.590232	0.53769	0.700557	0.571007	0.512164	0.766571	0.38354	0.566525	0.501454	0.643659	0.404705	0.0	0.538511	0.540509	0.454846	0.561221	0.494022	0.69857	0.449397P.paniscus	0.498094	0.596256	0.460373	0.404528	0.406607	0.433418	0.359486	0.224859	0.347981	0.208712	0.514553	0.43065	0.373399	0.520056	0.475389	0.249445	0.49033	0.500852	0.479541	0.538511	0.0	0.263006	0.669314	0.164963	0.636723	0.469734	0.61679P.pygmaeus	0.445467	0.600217	0.477536	0.399756	0.405262	0.406338	0.350739	0.250319	0.311862	0.258121	0.565991	0.369712	0.361155	0.525195	0.524864	0.129751	0.560612	0.437993	0.502684	0.540509	0.263006	0.0	0.73267	0.281295	0.718802	0.573486	0.646269P.roxellan	0.697126	0.711745	0.490119	0.703571	0.565193	0.632622	0.689579	0.601417	0.715226	0.642109	0.836808	0.626099	0.637542	1.0	0.399924	0.665074	0.463937	0.731142	0.453738	0.454846	0.669314	0.73267	0.0	0.641639	0.466958	0.752036	0.467982P.troglody	0.518125	0.586776	0.465126	0.431009	0.441182	0.465628	0.379791	0.241873	0.356209	0.219713	0.505226	0.451795	0.423315	0.535631	0.486182	0.272137	0.514575	0.533775	0.505416	0.561221	0.164963	0.281295	0.641639	0.0	0.678775	0.524982	0.645656S.entellus	0.742008	0.616475	0.472734	0.670912	0.616575	0.654926	0.651994	0.660863	0.750334	0.676088	0.780265	0.66832	0.603779	0.916804	0.413129	0.69472	0.490517	0.70924	0.457631	0.494022	0.636723	0.718802	0.466958	0.678775	0.0	0.660254	0.510558T.bancanus	0.752396	0.624402	0.559828	0.647221	0.578671	0.627685	0.353426	0.573196	0.609417	0.526305	0.483539	0.672612	0.602375	0.669669	0.503606	0.528331	0.618006	0.698137	0.599999	0.69857	0.469734	0.573486	0.752036	0.524982	0.660254	0.0	0.67786T.obscurus	0.73075	0.672064	0.475596	0.641578	0.582804	0.599034	0.682966	0.588872	0.687722	0.639492	0.682767	0.645453	0.646759	0.980348	0.418139	0.6637	0.492578	0.695683	0.422072	0.449397	0.61679	0.646269	0.467982	0.645656	0.510558	0.67786	0.0