27C.aethiops	0.0	0.563994	0.53915	0.442069	0.418705	0.414897	0.6132	0.649921	0.684361	0.626453	0.823303	0.530044	0.485021	0.861405	0.703059	0.502384	0.663736	0.61825	0.533181	0.693543	0.681202	0.580501	0.58556	0.666426	0.677843	0.75408	0.683504C.albifron	0.563994	0.0	0.294269	0.48757	0.516927	0.509881	0.527377	0.576918	0.626169	0.545266	0.462105	0.537788	0.468665	0.697828	0.339461	0.545434	0.247667	0.546347	0.232421	0.34059	0.467532	0.562767	0.30567	0.479334	0.296484	0.359963	0.287713C.guereza 	0.53915	0.294269	0.0	0.509283	0.503616	0.504526	0.564781	0.565513	0.62131	0.513618	0.552618	0.543998	0.490807	0.786117	0.383625	0.479551	0.315776	0.554979	0.303379	0.423698	0.488841	0.529735	0.35696	0.495351	0.378439	0.453993	0.363684C.pygeryth	0.442069	0.48757	0.509283	0.0	0.397897	0.402946	0.564635	0.59612	0.632254	0.564362	0.756038	0.502689	0.470749	0.825366	0.622488	0.468786	0.580971	0.623755	0.499367	0.646444	0.570142	0.528419	0.583177	0.579448	0.625536	0.644577	0.626923C.sabaeus 	0.418705	0.516927	0.503616	0.397897	0.0	0.372123	0.541623	0.591075	0.614965	0.550228	0.780086	0.454286	0.407623	0.884533	0.635327	0.457053	0.575907	0.565834	0.470807	0.633998	0.583899	0.532539	0.529721	0.598783	0.611544	0.623829	0.595208C.tantalus	0.414897	0.509881	0.504526	0.402946	0.372123	0.0	0.566219	0.590611	0.649701	0.543587	0.744565	0.470115	0.433251	0.852388	0.640864	0.476591	0.604294	0.58914	0.482164	0.634827	0.579332	0.539941	0.547369	0.590314	0.63259	0.638531	0.61358C.variegat	0.6132	0.527377	0.564781	0.564635	0.541623	0.566219	0.0	0.625659	0.635623	0.603549	0.686197	0.579077	0.551244	0.794078	0.668854	0.464206	0.55314	0.688421	0.538123	0.663958	0.573243	0.532021	0.611467	0.581782	0.677544	0.489629	0.632254G.gorilla 	0.649921	0.576918	0.565513	0.59612	0.591075	0.590611	0.625659	0.0	0.658345	0.502496	0.793168	0.623952	0.568515	0.91424	0.701804	0.437447	0.597017	0.720704	0.590781	0.707924	0.481559	0.497458	0.688081	0.514098	0.762459	0.726721	0.708616H.lar     	0.684361	0.626169	0.62131	0.632254	0.614965	0.649701	0.635623	0.658345	0.0	0.634516	0.854229	0.608734	0.586011	1.0	0.719716	0.478718	0.615637	0.708387	0.627893	0.739295	0.651722	0.54568	0.741504	0.631519	0.793532	0.784109	0.734679H.sapiens 	0.626453	0.545266	0.513618	0.564362	0.550228	0.543587	0.603549	0.502496	0.634516	0.0	0.73487	0.54525	0.54085	0.901056	0.661737	0.385828	0.574118	0.664728	0.557334	0.661056	0.439659	0.466086	0.669559	0.452544	0.716186	0.666128	0.678858L.catta   	0.823303	0.462105	0.552618	0.756038	0.780086	0.744565	0.686197	0.793168	0.854229	0.73487	0.0	0.738056	0.777754	0.88909	0.625888	0.740135	0.54785	0.851013	0.557923	0.653217	0.675696	0.786827	0.642708	0.66361	0.672908	0.53348	0.644371M.mulatta 	0.530044	0.537788	0.543998	0.502689	0.454286	0.470115	0.579077	0.623952	0.608734	0.54525	0.738056	0.0	0.400536	0.810625	0.64543	0.434889	0.598531	0.555908	0.523786	0.629871	0.612678	0.510201	0.571333	0.614599	0.623021	0.688084	0.640031M.sylvanus	0.485021	0.468665	0.490807	0.470749	0.407623	0.433251	0.551244	0.568515	0.586011	0.54085	0.777754	0.400536	0.0	0.817233	0.606422	0.439913	0.587979	0.522039	0.501093	0.611019	0.549388	0.502261	0.592322	0.576725	0.595758	0.653649	0.621085N.coucang 	0.861405	0.697828	0.786117	0.825366	0.884533	0.852388	0.794078	0.91424	1.0	0.901056	0.88909	0.810625	0.817233	0.0	0.919954	0.744739	0.869357	0.920546	0.809027	0.914549	0.863194	0.822829	0.921719	0.884508	0.95766	0.908021	0.948411N.larvatus	0.703059	0.339461	0.383625	0.622488	0.635327	0.640864	0.668854	0.701804	0.719716	0.661737	0.625888	0.64543	0.606422	0.919954	0.0	0.636274	0.316574	0.715917	0.387515	0.431266	0.612086	0.685372	0.379103	0.632077	0.420973	0.487941	0.40007P.abelii  	0.502384	0.545434	0.479551	0.468786	0.457053	0.476591	0.464206	0.437447	0.478718	0.385828	0.740135	0.434889	0.439913	0.744739	0.636274	0.0	0.516743	0.53231	0.545853	0.639622	0.424442	0.275564	0.651863	0.438361	0.673575	0.619927	0.67147P.badius  	0.663736	0.247667	0.315776	0.580971	0.575907	0.604294	0.55314	0.597017	0.615637	0.574118	0.54785	0.598531	0.587979	0.869357	0.316574	0.516743	0.0	0.666072	0.307839	0.382958	0.495751	0.56981	0.286991	0.517693	0.325554	0.385683	0.31418P.hamadrya	0.61825	0.546347	0.554979	0.623755	0.565834	0.58914	0.688421	0.720704	0.708387	0.664728	0.851013	0.555908	0.522039	0.920546	0.715917	0.53231	0.666072	0.0	0.549966	0.698232	0.71012	0.631022	0.647257	0.737621	0.676157	0.796425	0.662746P.melaloph	0.533181	0.232421	0.303379	0.499367	0.470807	0.482164	0.538123	0.590781	0.627893	0.557334	0.557923	0.523786	0.501093	0.809027	0.387515	0.545853	0.307839	0.549966	0.0	0.366313	0.508289	0.566645	0.288673	0.528764	0.335112	0.44957	0.31702P.nemaeus 	0.693543	0.34059	0.423698	0.646444	0.633998	0.634827	0.663958	0.707924	0.739295	0.661056	0.653217	0.629871	0.611019	0.914549	0.431266	0.639622	0.382958	0.698232	0.366313	0.0	0.610262	0.672497	0.375858	0.634725	0.431123	0.570149	0.401577P.paniscus	0.681202	0.467532	0.488841	0.570142	0.583899	0.579332	0.573243	0.481559	0.651722	0.439659	0.675696	0.612678	0.549388	0.863194	0.612086	0.424442	0.495751	0.71012	0.508289	0.610262	0.0	0.463162	0.636235	0.393031	0.661535	0.527562	0.596874P.pygmaeus	0.580501	0.562767	0.529735	0.528419	0.532539	0.539941	0.532021	0.497458	0.54568	0.466086	0.786827	0.510201	0.502261	0.822829	0.685372	0.275564	0.56981	0.631022	0.566645	0.672497	0.463162	0.0	0.718711	0.472033	0.738375	0.699747	0.67717P.roxellan	0.58556	0.30567	0.35696	0.583177	0.529721	0.547369	0.611467	0.688081	0.741504	0.669559	0.642708	0.571333	0.592322	0.921719	0.379103	0.651863	0.286991	0.647257	0.288673	0.375858	0.636235	0.718711	0.0	0.641574	0.333171	0.491187	0.317302P.troglody	0.666426	0.479334	0.495351	0.579448	0.598783	0.590314	0.581782	0.514098	0.631519	0.452544	0.66361	0.614599	0.576725	0.884508	0.632077	0.438361	0.517693	0.737621	0.528764	0.634725	0.393031	0.472033	0.641574	0.0	0.69654	0.586981	0.629731S.entellus	0.677843	0.296484	0.378439	0.625536	0.611544	0.63259	0.677544	0.762459	0.793532	0.716186	0.672908	0.623021	0.595758	0.95766	0.420973	0.673575	0.325554	0.676157	0.335112	0.431123	0.661535	0.738375	0.333171	0.69654	0.0	0.514062	0.389475T.bancanus	0.75408	0.359963	0.453993	0.644577	0.623829	0.638531	0.489629	0.726721	0.784109	0.666128	0.53348	0.688084	0.653649	0.908021	0.487941	0.619927	0.385683	0.796425	0.44957	0.570149	0.527562	0.699747	0.491187	0.586981	0.514062	0.0	0.483985T.obscurus	0.683504	0.287713	0.363684	0.626923	0.595208	0.61358	0.632254	0.708616	0.734679	0.678858	0.644371	0.640031	0.621085	0.948411	0.40007	0.67147	0.31418	0.662746	0.31702	0.401577	0.596874	0.67717	0.317302	0.629731	0.389475	0.483985	0.0