27C.aethiops	0.0	0.691171	0.594938	0.371512	0.378674	0.338307	0.643779	0.673176	0.732958	0.664665	0.864922	0.551768	0.514616	0.914125	0.693241	0.543877	0.732175	0.600817	0.596064	0.732315	0.677744	0.58466	0.658828	0.691182	0.743331	0.751289	0.731718C.albifron	0.691171	0.0	0.467173	0.608556	0.593034	0.603125	0.574971	0.636262	0.7197	0.595157	0.59443	0.638574	0.550414	0.781922	0.481973	0.585524	0.441257	0.640403	0.409188	0.497309	0.56041	0.611932	0.479961	0.569398	0.467616	0.451351	0.497431C.guereza 	0.594938	0.467173	0.0	0.572237	0.555266	0.55816	0.59732	0.601544	0.66411	0.575291	0.626153	0.593032	0.534091	0.824737	0.42825	0.541766	0.418201	0.592018	0.409393	0.525889	0.544901	0.588092	0.456461	0.549232	0.477034	0.522908	0.481239C.pygeryth	0.371512	0.608556	0.572237	0.0	0.338116	0.334231	0.580941	0.616344	0.66463	0.585388	0.788337	0.519938	0.48488	0.870833	0.623038	0.512066	0.647796	0.599532	0.551505	0.664422	0.567881	0.545283	0.669684	0.598719	0.691166	0.653704	0.668445C.sabaeus 	0.378674	0.593034	0.555266	0.338116	0.0	0.316969	0.53708	0.599942	0.673741	0.581743	0.813993	0.46821	0.417752	0.922766	0.609436	0.4822	0.622966	0.53056	0.49338	0.638682	0.581664	0.538348	0.570407	0.621947	0.649563	0.603587	0.62792C.tantalus	0.338307	0.603125	0.55816	0.334231	0.316969	0.0	0.577389	0.600264	0.705603	0.583025	0.779189	0.484887	0.452904	0.904077	0.636181	0.504627	0.648253	0.553898	0.537675	0.670977	0.591747	0.543872	0.611647	0.625084	0.681431	0.6294	0.641218C.variegat	0.643779	0.574971	0.59732	0.580941	0.53708	0.577389	0.0	0.623961	0.647024	0.581299	0.62961	0.613686	0.541439	0.750665	0.6366	0.473524	0.610873	0.695963	0.606942	0.694843	0.537171	0.529351	0.657318	0.562122	0.697501	0.432072	0.699214G.gorilla 	0.673176	0.636262	0.601544	0.616344	0.599942	0.600264	0.623961	0.0	0.629217	0.422271	0.793653	0.628625	0.580882	0.86616	0.69335	0.397375	0.655799	0.678215	0.641116	0.730042	0.404036	0.454849	0.724094	0.432339	0.786184	0.675134	0.7383H.lar     	0.732958	0.7197	0.66411	0.66463	0.673741	0.705603	0.647024	0.629217	0.0	0.597916	0.899568	0.677641	0.59891	0.931041	0.727501	0.501745	0.675291	0.727707	0.716026	0.77717	0.58847	0.532532	0.80319	0.587288	0.858229	0.756789	0.788688H.sapiens 	0.664665	0.595157	0.575291	0.585388	0.581743	0.583025	0.581299	0.422271	0.597916	0.0	0.714561	0.57136	0.553747	0.832982	0.669675	0.369827	0.634698	0.676104	0.61311	0.689203	0.3603	0.440294	0.720578	0.384315	0.765317	0.615977	0.736063L.catta   	0.864922	0.59443	0.626153	0.788337	0.813993	0.779189	0.62961	0.793653	0.899568	0.714561	0.0	0.818062	0.806761	0.81543	0.733379	0.758589	0.695211	0.925044	0.67572	0.754422	0.694567	0.813615	0.764359	0.700584	0.766672	0.568757	0.719095M.mulatta 	0.551768	0.638574	0.593032	0.519938	0.46821	0.484887	0.613686	0.628625	0.677641	0.57136	0.818062	0.0	0.393296	0.842927	0.65645	0.445508	0.636005	0.527432	0.584717	0.663152	0.602991	0.512298	0.631243	0.620895	0.688295	0.701165	0.699756M.sylvanus	0.514616	0.550414	0.534091	0.48488	0.417752	0.452904	0.541439	0.580882	0.59891	0.553747	0.806761	0.393296	0.0	0.820411	0.596851	0.461511	0.622989	0.517422	0.548264	0.60226	0.542612	0.51088	0.631036	0.594812	0.634905	0.623641	0.676803N.coucang 	0.914125	0.781922	0.824737	0.870833	0.922766	0.904077	0.750665	0.86616	0.931041	0.832982	0.81543	0.842927	0.820411	0.0	0.887252	0.776496	0.935128	0.935302	0.894754	0.933036	0.800541	0.809565	0.996935	0.819764	0.983379	0.843052	1.0N.larvatus	0.693241	0.481973	0.42825	0.623038	0.609436	0.636181	0.6366	0.69335	0.727501	0.669675	0.733379	0.65645	0.596851	0.887252	0.0	0.673381	0.382466	0.70212	0.449484	0.461346	0.618622	0.687285	0.432281	0.630419	0.466614	0.515666	0.456465P.abelii  	0.543877	0.585524	0.541766	0.512066	0.4822	0.504627	0.473524	0.397375	0.501745	0.369827	0.758589	0.445508	0.461511	0.776496	0.673381	0.0	0.570799	0.524752	0.581763	0.687536	0.397133	0.231315	0.686629	0.415936	0.732142	0.592875	0.721245P.badius  	0.732175	0.441257	0.418201	0.647796	0.622966	0.648253	0.610873	0.655799	0.675291	0.634698	0.695211	0.636005	0.622989	0.935128	0.382466	0.570799	0.0	0.699183	0.452312	0.480126	0.537519	0.622258	0.398646	0.562274	0.445188	0.508328	0.44551P.hamadrya	0.600817	0.640403	0.592018	0.599532	0.53056	0.553898	0.695963	0.678215	0.727707	0.676104	0.925044	0.527432	0.517422	0.935302	0.70212	0.524752	0.699183	0.0	0.604076	0.740865	0.696246	0.602231	0.714096	0.722325	0.745892	0.754848	0.730902P.melaloph	0.596064	0.409188	0.409393	0.551505	0.49338	0.537675	0.606942	0.641116	0.716026	0.61311	0.67572	0.584717	0.548264	0.894754	0.449484	0.581763	0.452312	0.604076	0.0	0.42748	0.569113	0.602453	0.389101	0.599434	0.43858	0.533447	0.409258P.nemaeus 	0.732315	0.497309	0.525889	0.664422	0.638682	0.670977	0.694843	0.730042	0.77717	0.689203	0.754422	0.663152	0.60226	0.933036	0.461346	0.687536	0.480126	0.740865	0.42748	0.0	0.650284	0.693507	0.453157	0.679998	0.522763	0.630351	0.470997P.paniscus	0.677744	0.56041	0.544901	0.567881	0.581664	0.591747	0.537171	0.404036	0.58847	0.3603	0.694567	0.602991	0.542612	0.800541	0.618622	0.397133	0.537519	0.696246	0.569113	0.650284	0.0	0.434719	0.69904	0.287719	0.699559	0.528538	0.686412P.pygmaeus	0.58466	0.611932	0.588092	0.545283	0.538348	0.543872	0.529351	0.454849	0.532532	0.440294	0.813615	0.512298	0.51088	0.809565	0.687285	0.231315	0.622258	0.602231	0.602453	0.693507	0.434719	0.0	0.758751	0.451306	0.780391	0.654258	0.721098P.roxellan	0.658828	0.479961	0.456461	0.669684	0.570407	0.611647	0.657318	0.724094	0.80319	0.720578	0.764359	0.631243	0.631036	0.996935	0.432281	0.686629	0.398646	0.714096	0.389101	0.453157	0.69904	0.758751	0.0	0.690752	0.42685	0.569316	0.422888P.troglody	0.691182	0.569398	0.549232	0.598719	0.621947	0.625084	0.562122	0.432339	0.587288	0.384315	0.700584	0.620895	0.594812	0.819764	0.630419	0.415936	0.562274	0.722325	0.599434	0.679998	0.287719	0.451306	0.690752	0.0	0.734334	0.579552	0.712244S.entellus	0.743331	0.467616	0.477034	0.691166	0.649563	0.681431	0.697501	0.786184	0.858229	0.765317	0.766672	0.688295	0.634905	0.983379	0.466614	0.732142	0.445188	0.745892	0.43858	0.522763	0.699559	0.780391	0.42685	0.734334	0.0	0.582124	0.501374T.bancanus	0.751289	0.451351	0.522908	0.653704	0.603587	0.6294	0.432072	0.675134	0.756789	0.615977	0.568757	0.701165	0.623641	0.843052	0.515666	0.592875	0.508328	0.754848	0.533447	0.630351	0.528538	0.654258	0.569316	0.579552	0.582124	0.0	0.58685T.obscurus	0.731718	0.497431	0.481239	0.668445	0.62792	0.641218	0.699214	0.7383	0.788688	0.736063	0.719095	0.699756	0.676803	1.0	0.456465	0.721245	0.44551	0.730902	0.409258	0.470997	0.686412	0.721098	0.422888	0.712244	0.501374	0.58685	0.0