27C.aethiops	0.0	0.592	0.3822	0.1684	0.1739	0.1407	0.3099	0.2956	0.4049	0.325	0.8038	0.2775	0.2716	0.6497	0.7177	0.3781	0.7662	0.2388	0.6826	0.8122	0.3505	0.3456	0.8075	0.3502	0.7072	0.5179	0.8321C.albifron	0.592	0.0	0.3205	0.5397	0.5575	0.5823	0.4752	0.5689	0.6195	0.5442	0.4255	0.6342	0.5461	0.5007	0.3299	0.7776	0.3556	0.5952	0.3047	0.2864	0.6715	0.62	0.2793	0.4945	0.2543	0.3436	0.2919C.guereza 	0.3822	0.3205	0.0	0.3476	0.3328	0.4036	0.3805	0.4891	0.489	0.4455	0.4216	0.4777	0.4528	0.3379	0.4088	0.5784	0.4577	0.3375	0.3472	0.5037	0.4723	0.4876	0.4991	0.4339	0.3988	0.3898	0.5236C.pygeryth	0.1684	0.5397	0.3476	0.0	0.1846	0.1418	0.3218	0.2944	0.3482	0.3494	0.7035	0.2252	0.337	0.5495	0.6521	0.3769	0.7009	0.2509	0.5905	0.747	0.3127	0.2963	0.7423	0.3131	0.642	0.5452	0.7668C.sabaeus 	0.1739	0.5575	0.3328	0.1846	0.0	0.16	0.298	0.2991	0.3717	0.3818	0.6545	0.331	0.2643	0.5005	0.6704	0.3702	0.7193	0.2536	0.6088	0.7653	0.3309	0.3635	0.7607	0.3798	0.6603	0.5751	0.7852C.tantalus	0.1407	0.5823	0.4036	0.1418	0.16	0.0	0.3113	0.2952	0.3634	0.3385	0.8047	0.2784	0.2214	0.6506	0.7174	0.3777	0.7273	0.2611	0.6835	0.7734	0.326	0.3451	0.7687	0.3614	0.6833	0.5698	0.7932C.variegat	0.3099	0.4752	0.3805	0.3218	0.298	0.3113	0.0	0.3243	0.3114	0.2989	0.5931	0.398	0.3589	0.439	0.7261	0.4069	0.6876	0.4384	0.6024	0.7212	0.3458	0.438	0.7165	0.3617	0.6398	0.4673	0.741G.gorilla 	0.2956	0.5689	0.4891	0.2944	0.2991	0.2952	0.3243	0.0	0.2634	0.2101	0.6895	0.3358	0.3232	0.5354	0.743	0.3128	0.7531	0.2859	0.6679	0.7091	0.2997	0.2809	0.719	0.2109	0.6566	0.5187	0.729H.lar     	0.4049	0.6195	0.489	0.3482	0.3717	0.3634	0.3114	0.2634	0.0	0.3253	0.5853	0.3347	0.3228	0.4762	0.8345	0.5587	0.8195	0.4729	0.709	0.8655	0.4525	0.3364	0.8608	0.2953	0.7605	0.5156	0.8854H.sapiens 	0.325	0.5442	0.4455	0.3494	0.3818	0.3385	0.2989	0.2101	0.3253	0.0	0.7666	0.3165	0.2792	0.6126	0.7348	0.2829	0.733	0.2687	0.6454	0.779	0.2917	0.2612	0.7744	0.2541	0.674	0.5102	0.7989L.catta   	0.8038	0.4255	0.4216	0.7035	0.6545	0.8047	0.5931	0.6895	0.5853	0.7666	0.0	0.5263	0.6138	0.56	0.5107	1.0	0.4711	0.6426	0.4508	0.5081	0.8938	0.7777	0.5034	0.6789	0.4244	0.5227	0.5279M.mulatta 	0.2775	0.6342	0.4777	0.2252	0.331	0.2784	0.398	0.3358	0.3347	0.3165	0.5263	0.0	0.2032	0.4606	0.8233	0.4737	0.8342	0.2265	0.7237	0.8802	0.3676	0.3123	0.8755	0.3673	0.7752	0.5256	0.9001M.sylvanus	0.2716	0.5461	0.4528	0.337	0.2643	0.2214	0.3589	0.3232	0.3228	0.2792	0.6138	0.2032	0.0	0.4598	0.7984	0.3862	0.7588	0.3014	0.6356	0.7161	0.3173	0.3905	0.7744	0.4068	0.712	0.4651	0.736N.coucang 	0.6497	0.5007	0.3379	0.5495	0.5005	0.6506	0.439	0.5354	0.4762	0.6126	0.56	0.4606	0.4598	0.0	0.6518	0.8459	0.7007	0.4885	0.5902	0.7467	0.7398	0.6237	0.742	0.5248	0.6417	0.4423	0.7666N.larvatus	0.7177	0.3299	0.4088	0.6521	0.6704	0.7174	0.7261	0.743	0.8345	0.7348	0.5107	0.8233	0.7984	0.6518	0.0	0.873	0.2519	0.7209	0.2672	0.2082	0.7479	0.8332	0.2528	0.7217	0.2934	0.3454	0.2284P.abelii  	0.3781	0.7776	0.5784	0.3769	0.3702	0.3777	0.4069	0.3128	0.5587	0.2829	1.0	0.4737	0.3862	0.8459	0.873	0.0	0.9218	0.3698	0.8788	0.9679	0.4427	0.2223	0.9632	0.345	0.8786	0.6265	0.9877P.badius  	0.7662	0.3556	0.4577	0.7009	0.7193	0.7273	0.6876	0.7531	0.8195	0.733	0.4711	0.8342	0.7588	0.7007	0.2519	0.9218	0.0	0.7697	0.3563	0.2954	0.7358	0.8306	0.2146	0.6821	0.307	0.4263	0.3529P.hamadrya	0.2388	0.5952	0.3375	0.2509	0.2536	0.2611	0.4384	0.2859	0.4729	0.2687	0.6426	0.2265	0.3014	0.4885	0.7209	0.3698	0.7697	0.0	0.6593	0.8158	0.328	0.4135	0.8111	0.3189	0.7108	0.4612	0.8356P.melaloph	0.6826	0.3047	0.3472	0.5905	0.6088	0.6835	0.6024	0.6679	0.709	0.6454	0.4508	0.7237	0.6356	0.5902	0.2672	0.8788	0.3563	0.6593	0.0	0.3052	0.7727	0.7454	0.292	0.5713	0.2536	0.4251	0.3049P.nemaeus 	0.8122	0.2864	0.5037	0.747	0.7653	0.7734	0.7212	0.7091	0.8655	0.779	0.5081	0.8802	0.7161	0.7467	0.2082	0.9679	0.2954	0.8158	0.3052	0.0	0.8565	0.838	0.26	0.7278	0.2399	0.4406	0.2024P.paniscus	0.3505	0.6715	0.4723	0.3127	0.3309	0.326	0.3458	0.2997	0.4525	0.2917	0.8938	0.3676	0.3173	0.7398	0.7479	0.4427	0.7358	0.328	0.7727	0.8565	0.0	0.3387	0.8362	0.215	0.7724	0.5203	0.773P.pygmaeus	0.3456	0.62	0.4876	0.2963	0.3635	0.3451	0.438	0.2809	0.3364	0.2612	0.7777	0.3123	0.3905	0.6237	0.8332	0.2223	0.8306	0.4135	0.7454	0.838	0.3387	0.0	0.8333	0.2627	0.7468	0.5817	0.8579P.roxellan	0.8075	0.2793	0.4991	0.7423	0.7607	0.7687	0.7165	0.719	0.8608	0.7744	0.5034	0.8755	0.7744	0.742	0.2528	0.9632	0.2146	0.8111	0.292	0.26	0.8362	0.8333	0.0	0.7232	0.2403	0.4633	0.3175P.troglody	0.3502	0.4945	0.4339	0.3131	0.3798	0.3614	0.3617	0.2109	0.2953	0.2541	0.6789	0.3673	0.4068	0.5248	0.7217	0.345	0.6821	0.3189	0.5713	0.7278	0.215	0.2627	0.7232	0.0	0.6354	0.4475	0.7477S.entellus	0.7072	0.2543	0.3988	0.642	0.6603	0.6833	0.6398	0.6566	0.7605	0.674	0.4244	0.7752	0.712	0.6417	0.2934	0.8786	0.307	0.7108	0.2536	0.2399	0.7724	0.7468	0.2403	0.6354	0.0	0.3705	0.2402T.bancanus	0.5179	0.3436	0.3898	0.5452	0.5751	0.5698	0.4673	0.5187	0.5156	0.5102	0.5227	0.5256	0.4651	0.4423	0.3454	0.6265	0.4263	0.4612	0.4251	0.4406	0.5203	0.5817	0.4633	0.4475	0.3705	0.0	0.5396T.obscurus	0.8321	0.2919	0.5236	0.7668	0.7852	0.7932	0.741	0.729	0.8854	0.7989	0.5279	0.9001	0.736	0.7666	0.2284	0.9877	0.3529	0.8356	0.3049	0.2024	0.773	0.8579	0.3175	0.7477	0.2402	0.5396	0.0