27C.aethiops	0.0	0.8424	0.5299	0.2338	0.2967	0.2323	0.6506	0.5212	0.6109	0.5259	0.9317	0.556	0.3831	0.8166	0.7419	0.5734	0.8856	0.3153	0.871	0.9511	0.4681	0.4638	0.8711	0.5844	0.9283	0.8684	0.8304C.albifron	0.8424	0.0	0.4314	0.7019	0.5745	0.8143	0.6048	0.5718	0.7451	0.5738	0.8343	0.6596	0.6025	0.6782	0.4017	0.8063	0.4882	0.6329	0.4879	0.4438	0.6591	0.6868	0.3727	0.5735	0.401	0.84	0.4589C.guereza 	0.5299	0.4314	0.0	0.5308	0.4902	0.5028	0.6516	0.5963	0.6377	0.5459	0.8631	0.5457	0.5736	0.6513	0.5182	0.6638	0.6596	0.5205	0.432	0.4667	0.4261	0.5829	0.5769	0.4269	0.6068	0.8974	0.6048C.pygeryth	0.2338	0.7019	0.5308	0.0	0.3225	0.2028	0.6214	0.5234	0.4391	0.4409	0.8591	0.426	0.352	0.6796	0.686	0.6017	0.8564	0.3701	0.7017	0.7793	0.4426	0.4372	0.7411	0.4394	0.771	0.8974	0.8011C.sabaeus 	0.2967	0.5745	0.4902	0.3225	0.0	0.2686	0.6225	0.5703	0.5439	0.575	0.8334	0.4602	0.4322	0.6513	0.6582	0.6051	0.8003	0.3729	0.603	0.6543	0.4888	0.4575	0.6605	0.5459	0.6605	0.8974	0.745C.tantalus	0.2323	0.8143	0.5028	0.2028	0.2686	0.0	0.6796	0.5219	0.5828	0.5266	0.9036	0.5279	0.3839	0.7885	0.7127	0.572	0.7986	0.322	0.8429	0.923	0.4405	0.4342	0.8429	0.5562	0.9002	0.8974	0.7857C.variegat	0.6506	0.6048	0.6516	0.6214	0.6225	0.6796	0.0	0.6216	0.6221	0.6226	0.9469	0.6513	0.5941	0.6795	0.7199	0.6385	0.8613	0.6511	0.6799	0.7247	0.6513	0.5638	0.7786	0.6512	0.8084	0.869	0.8065G.gorilla 	0.5212	0.5718	0.5963	0.5234	0.5703	0.5219	0.6216	0.0	0.3416	0.4253	0.8916	0.4264	0.4548	0.7079	0.7119	0.4848	0.8533	0.5131	0.8019	0.7757	0.3705	0.4049	0.8876	0.2928	0.8004	0.8684	0.9156H.lar     	0.6109	0.7451	0.6377	0.4391	0.5439	0.5828	0.6221	0.3416	0.0	0.3496	0.8628	0.52	0.4345	0.7059	0.8303	0.575	0.9709	0.5481	0.8317	0.865	0.4275	0.407	0.9175	0.3756	0.918	0.7821	0.9453H.sapiens 	0.5259	0.5738	0.5459	0.4409	0.575	0.5266	0.6226	0.4253	0.3496	0.0	0.8081	0.4013	0.4301	0.7079	0.7735	0.4054	0.9149	0.457	0.6605	0.665	0.3727	0.4109	0.8322	0.3159	0.8621	0.8401	0.8601L.catta   	0.9317	0.8343	0.8631	0.8591	0.8334	0.9036	0.9469	0.8916	0.8628	0.8081	0.0	0.863	0.8916	0.9186	0.9466	0.8955	0.8894	0.9178	0.9465	0.9139	0.8343	0.8627	0.8892	0.8916	0.8604	0.9472	0.9179M.mulatta 	0.556	0.6596	0.5457	0.426	0.4602	0.5279	0.6513	0.4264	0.52	0.4013	0.863	0.0	0.4303	0.6792	0.8594	0.5771	0.9151	0.432	0.689	0.7795	0.4012	0.5137	0.832	0.401	0.8047	0.8687	0.8027M.sylvanus	0.3831	0.6025	0.5736	0.352	0.4322	0.3839	0.5941	0.4548	0.4345	0.4301	0.8916	0.4303	0.0	0.6781	0.8596	0.5772	0.9153	0.3703	0.689	0.6856	0.4004	0.4389	0.7748	0.4877	0.7192	0.8974	0.7742N.coucang 	0.8166	0.6782	0.6513	0.6796	0.6513	0.7885	0.6795	0.7079	0.7059	0.7079	0.9186	0.6792	0.6781	0.0	0.6496	0.7805	0.7177	0.6504	0.6785	0.6796	0.6792	0.7343	0.6928	0.6506	0.6389	0.8691	0.7208N.larvatus	0.7419	0.4017	0.5182	0.686	0.6582	0.7127	0.7199	0.7119	0.8303	0.7735	0.9466	0.8594	0.8596	0.6496	0.0	0.8586	0.4299	0.7439	0.4022	0.44	0.8307	0.7993	0.3436	0.7732	0.4026	0.8401	0.3729P.abelii  	0.5734	0.8063	0.6638	0.6017	0.6051	0.572	0.6385	0.4848	0.575	0.4054	0.8955	0.5771	0.5772	0.7805	0.8586	0.0	1.0	0.5759	0.8348	0.9149	0.4908	0.3987	0.9173	0.5482	0.9472	0.7823	0.9452P.badius  	0.8856	0.4882	0.6596	0.8564	0.8003	0.7986	0.8613	0.8533	0.9709	0.9149	0.8894	0.9151	0.9153	0.7177	0.4299	1.0	0.0	0.8853	0.4313	0.4571	0.9721	0.9407	0.3452	0.9146	0.3744	0.8974	0.4281P.hamadrya	0.3153	0.6329	0.5205	0.3701	0.3729	0.322	0.6511	0.5131	0.5481	0.457	0.9178	0.432	0.3703	0.6504	0.7439	0.5759	0.8853	0.0	0.6596	0.7124	0.4577	0.4268	0.8026	0.4033	0.8325	0.7825	0.8305P.melaloph	0.871	0.4879	0.432	0.7017	0.603	0.8429	0.6799	0.8019	0.8317	0.6605	0.9465	0.689	0.689	0.6785	0.4022	0.8348	0.4313	0.6596	0.0	0.4124	0.7176	0.7152	0.4592	0.6602	0.3734	0.84	0.3734P.nemaeus 	0.9511	0.4438	0.4667	0.7793	0.6543	0.923	0.7247	0.7757	0.865	0.665	0.9139	0.7795	0.6856	0.6796	0.44	0.9149	0.4571	0.7124	0.4124	0.0	0.7677	0.8066	0.2903	0.6647	0.3575	0.8974	0.3318P.paniscus	0.4681	0.6591	0.4261	0.4426	0.4888	0.4405	0.6513	0.3705	0.4275	0.3727	0.8343	0.4012	0.4004	0.6792	0.8307	0.4908	0.9721	0.4577	0.7176	0.7677	0.0	0.3708	0.8894	0.401	0.9193	0.8114	0.9173P.pygmaeus	0.4638	0.6868	0.5829	0.4372	0.4575	0.4342	0.5638	0.4049	0.407	0.4109	0.8627	0.5137	0.4389	0.7343	0.7993	0.3987	0.9407	0.4268	0.7152	0.8066	0.3708	0.0	0.8591	0.3806	0.8879	0.8395	0.8859P.roxellan	0.8711	0.3727	0.5769	0.7411	0.6605	0.8429	0.7786	0.8876	0.9175	0.8322	0.8892	0.832	0.7748	0.6928	0.3436	0.9173	0.3452	0.8026	0.4592	0.2903	0.8894	0.8591	0.0	0.8319	0.3441	0.8687	0.373P.troglody	0.5844	0.5735	0.4269	0.4394	0.5459	0.5562	0.6512	0.2928	0.3756	0.3159	0.8916	0.401	0.4877	0.6506	0.7732	0.5482	0.9146	0.4033	0.6602	0.6647	0.401	0.3806	0.8319	0.0	0.8618	0.84	0.8599S.entellus	0.9283	0.401	0.6068	0.771	0.6605	0.9002	0.8084	0.8004	0.918	0.8621	0.8604	0.8047	0.7192	0.6389	0.4026	0.9472	0.3744	0.8325	0.3734	0.3575	0.9193	0.8879	0.3441	0.8618	0.0	0.8113	0.3724T.bancanus	0.8684	0.84	0.8974	0.8974	0.8974	0.8974	0.869	0.8684	0.7821	0.8401	0.9472	0.8687	0.8974	0.8691	0.8401	0.7823	0.8974	0.7825	0.84	0.8974	0.8114	0.8395	0.8687	0.84	0.8113	0.0	0.8687T.obscurus	0.8304	0.4589	0.6048	0.8011	0.745	0.7857	0.8065	0.9156	0.9453	0.8601	0.9179	0.8027	0.7742	0.7208	0.3729	0.9452	0.4281	0.8305	0.3734	0.3318	0.9173	0.8859	0.373	0.8599	0.3724	0.8687	0.0