27C.aethiops	0.0	0.789455	0.578955	0.249133	0.299309	0.225666	0.672966	0.564939	0.608541	0.554151	0.901489	0.502031	0.45778	0.821676	0.633782	0.53361	0.773835	0.547991	0.628586	0.777115	0.59281	0.56055	0.740665	0.605585	0.787757	0.947523	0.75757C.albifron	0.789455	0.0	0.541693	0.727995	0.783507	0.728418	0.684742	0.747258	0.850713	0.726296	0.669684	0.837262	0.735351	0.815656	0.487289	0.821747	0.48798	0.783295	0.407466	0.522076	0.688782	0.802009	0.500802	0.668753	0.47466	0.566223	0.497055C.guereza 	0.578955	0.541693	0.0	0.552964	0.559052	0.549444	0.628977	0.603415	0.609486	0.561987	0.691097	0.640145	0.571089	0.781971	0.392596	0.599637	0.425461	0.575567	0.37343	0.511924	0.556122	0.604231	0.441854	0.546564	0.459444	0.655894	0.442357C.pygeryth	0.249133	0.727995	0.552964	0.0	0.252608	0.225979	0.624632	0.537508	0.557306	0.51785	0.836154	0.459802	0.429364	0.799149	0.61007	0.528768	0.729857	0.536266	0.586955	0.706189	0.529628	0.523841	0.753533	0.536752	0.739746	0.891258	0.69802C.sabaeus 	0.299309	0.783507	0.559052	0.252608	0.0	0.247708	0.600888	0.539267	0.600508	0.510825	0.859933	0.432357	0.399911	0.863926	0.588566	0.506834	0.679826	0.487133	0.559893	0.705898	0.565214	0.521798	0.680616	0.584988	0.72493	0.862821	0.673311C.tantalus	0.225666	0.728418	0.549444	0.225979	0.247708	0.0	0.638237	0.530594	0.588224	0.501593	0.818875	0.430163	0.408295	0.82838	0.59651	0.510602	0.70765	0.487839	0.571668	0.698372	0.57113	0.516366	0.693403	0.579107	0.731515	0.863436	0.650991C.variegat	0.672966	0.684742	0.628977	0.624632	0.600888	0.638237	0.0	0.577184	0.611338	0.527644	0.664534	0.716477	0.615328	0.690762	0.671031	0.494266	0.696039	0.722525	0.65949	0.766346	0.50723	0.514579	0.822241	0.521455	0.783078	0.571818	0.773918G.gorilla 	0.564939	0.747258	0.603415	0.537508	0.539267	0.530594	0.577184	0.0	0.508004	0.290835	0.814311	0.585766	0.53426	0.796117	0.664985	0.312515	0.676255	0.54605	0.638992	0.759114	0.317317	0.36067	0.747965	0.350185	0.806627	0.832608	0.703457H.lar     	0.608541	0.850713	0.609486	0.557306	0.600508	0.588224	0.611338	0.508004	0.0	0.477294	0.872372	0.612416	0.558276	0.836933	0.689714	0.434236	0.747884	0.630423	0.649106	0.794607	0.499112	0.436403	0.838577	0.495436	0.870476	0.868807	0.820495H.sapiens 	0.554151	0.726296	0.561987	0.51785	0.510825	0.501593	0.527644	0.290835	0.477294	0.0	0.765803	0.5171	0.51351	0.743269	0.678146	0.29417	0.694464	0.585454	0.606422	0.722198	0.263561	0.345143	0.729623	0.26558	0.782921	0.772396	0.742069L.catta   	0.901489	0.669684	0.691097	0.836154	0.859933	0.818875	0.664534	0.814311	0.872372	0.765803	0.0	0.935372	0.934789	0.783998	0.754898	0.88414	0.695282	0.969412	0.677149	0.784449	0.747869	0.900239	0.80064	0.724776	0.763846	0.670804	0.704386M.mulatta 	0.502031	0.837262	0.640145	0.459802	0.432357	0.430163	0.716477	0.585766	0.612416	0.5171	0.935372	0.0	0.34953	0.78597	0.637966	0.457285	0.768892	0.5009	0.646758	0.716875	0.623281	0.509543	0.739703	0.613676	0.744428	0.979619	0.763182M.sylvanus	0.45778	0.735351	0.571089	0.429364	0.399911	0.408295	0.615328	0.53426	0.558276	0.51351	0.934789	0.34953	0.0	0.794846	0.620466	0.481837	0.730499	0.473096	0.633	0.703973	0.556497	0.509871	0.737433	0.599645	0.718536	0.914675	0.753632N.coucang 	0.821676	0.815656	0.781971	0.799149	0.863926	0.82838	0.690762	0.796117	0.836933	0.743269	0.783998	0.78597	0.794846	0.0	0.880191	0.777379	0.959304	0.839087	0.805817	0.938189	0.773863	0.783833	0.998763	0.75649	0.948184	0.953565	1.0N.larvatus	0.633782	0.487289	0.392596	0.61007	0.588566	0.59651	0.671031	0.664985	0.689714	0.678146	0.754898	0.637966	0.620466	0.880191	0.0	0.744966	0.33094	0.658254	0.351269	0.398322	0.656576	0.730479	0.355615	0.648463	0.367742	0.607571	0.383112P.abelii  	0.53361	0.821747	0.599637	0.528768	0.506834	0.510602	0.494266	0.312515	0.434236	0.29417	0.88414	0.457285	0.481837	0.777379	0.744966	0.0	0.7001	0.505659	0.673283	0.816891	0.375211	0.170631	0.82243	0.398268	0.869085	0.863639	0.802919P.badius  	0.773835	0.48798	0.425461	0.729857	0.679826	0.70765	0.696039	0.676255	0.747884	0.694464	0.695282	0.768892	0.730499	0.959304	0.33094	0.7001	0.0	0.760304	0.39014	0.459062	0.611274	0.700142	0.358006	0.61219	0.388719	0.5894	0.367844P.hamadrya	0.547991	0.783295	0.575567	0.536266	0.487133	0.487839	0.722525	0.54605	0.630423	0.585454	0.969412	0.5009	0.473096	0.839087	0.658254	0.505659	0.760304	0.0	0.626258	0.780944	0.625061	0.550304	0.796833	0.641757	0.78409	0.981836	0.757957P.melaloph	0.628586	0.407466	0.37343	0.586955	0.559893	0.571668	0.65949	0.638992	0.649106	0.606422	0.677149	0.646758	0.633	0.805817	0.351269	0.673283	0.39014	0.626258	0.0	0.371485	0.567349	0.648095	0.344633	0.566156	0.381997	0.592062	0.339784P.nemaeus 	0.777115	0.522076	0.511924	0.706189	0.705898	0.698372	0.766346	0.759114	0.794607	0.722198	0.784449	0.716875	0.703973	0.938189	0.398322	0.816891	0.459062	0.780944	0.371485	0.0	0.728685	0.778258	0.398093	0.69382	0.451704	0.706571	0.428838P.paniscus	0.59281	0.688782	0.556122	0.529628	0.565214	0.57113	0.50723	0.317317	0.499112	0.263561	0.747869	0.623281	0.556497	0.773863	0.656576	0.375211	0.611274	0.625061	0.567349	0.728685	0.0	0.367875	0.718631	0.186129	0.729191	0.679157	0.712682P.pygmaeus	0.56055	0.802009	0.604231	0.523841	0.521798	0.516366	0.514579	0.36067	0.436403	0.345143	0.900239	0.509543	0.509871	0.783833	0.730479	0.170631	0.700142	0.550304	0.648095	0.778258	0.367875	0.0	0.838116	0.392127	0.844969	0.874362	0.744496P.roxellan	0.740665	0.500802	0.441854	0.753533	0.680616	0.693403	0.822241	0.747965	0.838577	0.729623	0.80064	0.739703	0.737433	0.998763	0.355615	0.82243	0.358006	0.796833	0.344633	0.398093	0.718631	0.838116	0.0	0.707596	0.389789	0.662328	0.361655P.troglody	0.605585	0.668753	0.546564	0.536752	0.584988	0.579107	0.521455	0.350185	0.495436	0.26558	0.724776	0.613676	0.599645	0.75649	0.648463	0.398268	0.61219	0.641757	0.566156	0.69382	0.186129	0.392127	0.707596	0.0	0.758547	0.702894	0.712763S.entellus	0.787757	0.47466	0.459444	0.739746	0.72493	0.731515	0.783078	0.806627	0.870476	0.782921	0.763846	0.744428	0.718536	0.948184	0.367742	0.869085	0.388719	0.78409	0.381997	0.451704	0.729191	0.844969	0.389789	0.758547	0.0	0.629071	0.423076T.bancanus	0.947523	0.566223	0.655894	0.891258	0.862821	0.863436	0.571818	0.832608	0.868807	0.772396	0.670804	0.979619	0.914675	0.953565	0.607571	0.863639	0.5894	0.981836	0.592062	0.706571	0.679157	0.874362	0.662328	0.702894	0.629071	0.0	0.638416T.obscurus	0.75757	0.497055	0.442357	0.69802	0.673311	0.650991	0.773918	0.703457	0.820495	0.742069	0.704386	0.763182	0.753632	1.0	0.383112	0.802919	0.367844	0.757957	0.339784	0.428838	0.712682	0.744496	0.361655	0.712763	0.423076	0.638416	0.0