27C.aethiops	0.0	0.800822	0.52746	0.116321	0.164911	0.098311	0.766809	0.588925	0.599617	0.581929	0.85846	0.414686	0.422235	0.839513	0.535982	0.54305	0.640931	0.44327	0.563166	0.591103	0.573388	0.546449	0.60862	0.585236	0.658531	0.893815	0.584008C.albifron	0.800822	0.0	0.779788	0.82488	0.825237	0.803122	0.833125	0.769285	0.782449	0.719989	0.760249	0.808687	0.737969	0.867136	0.705479	0.715612	0.78376	0.819825	0.750195	0.74614	0.72692	0.731604	0.792269	0.733882	0.751986	0.818496	0.792547C.guereza 	0.52746	0.779788	0.0	0.496473	0.511603	0.504306	0.728884	0.597943	0.61697	0.5795	0.739224	0.562317	0.518576	0.855577	0.403622	0.584802	0.404183	0.541793	0.430713	0.470633	0.560391	0.581281	0.43754	0.576118	0.459971	0.765207	0.434381C.pygeryth	0.116321	0.82488	0.496473	0.0	0.164017	0.108965	0.714097	0.56958	0.576323	0.540753	0.820642	0.400709	0.404277	0.831295	0.491897	0.550941	0.598898	0.437379	0.551008	0.570315	0.533896	0.557214	0.612063	0.564278	0.611267	0.871204	0.565685C.sabaeus 	0.164911	0.825237	0.511603	0.164017	0.0	0.157751	0.722959	0.585214	0.572589	0.552773	0.809225	0.394814	0.396109	0.82412	0.515154	0.539706	0.58378	0.413494	0.527626	0.562194	0.538664	0.561626	0.562498	0.554599	0.575928	0.820614	0.530894C.tantalus	0.098311	0.803122	0.504306	0.108965	0.157751	0.0	0.721389	0.578799	0.572791	0.548004	0.836935	0.383079	0.39279	0.867751	0.502653	0.534321	0.599574	0.422449	0.53912	0.579958	0.55056	0.529403	0.586126	0.571939	0.618696	0.860278	0.535079C.variegat	0.766809	0.833125	0.728884	0.714097	0.722959	0.721389	0.0	0.675593	0.729372	0.66999	0.664861	0.778235	0.7156	0.748721	0.754378	0.63875	0.818431	0.738371	0.815408	0.832754	0.666802	0.637918	0.888123	0.688101	0.855974	0.684304	0.839424G.gorilla 	0.588925	0.769285	0.597943	0.56958	0.585214	0.578799	0.675593	0.0	0.438155	0.252735	0.810614	0.550038	0.53818	0.795222	0.615	0.359868	0.648659	0.552343	0.606145	0.68062	0.254934	0.374351	0.668006	0.260315	0.697695	0.826024	0.650142H.lar     	0.599617	0.782449	0.61697	0.576323	0.572589	0.572791	0.729372	0.438155	0.0	0.392712	0.840177	0.561298	0.528321	0.793391	0.638505	0.420106	0.677743	0.587083	0.687527	0.713993	0.402282	0.401471	0.712456	0.408843	0.718846	0.846332	0.681286H.sapiens 	0.581929	0.719989	0.5795	0.540753	0.552773	0.548004	0.66999	0.252735	0.392712	0.0	0.769373	0.530505	0.527408	0.781666	0.619759	0.328808	0.675277	0.573301	0.64645	0.658833	0.209358	0.339286	0.672708	0.206958	0.667249	0.755608	0.679208L.catta   	0.85846	0.760249	0.739224	0.820642	0.809225	0.836935	0.664861	0.810614	0.840177	0.769373	0.0	0.884517	0.887336	0.65541	0.7621	0.809349	0.825645	0.906164	0.766013	0.821519	0.758608	0.78843	0.852218	0.726116	0.840853	0.630657	0.785041M.mulatta 	0.414686	0.808687	0.562317	0.400709	0.394814	0.383079	0.778235	0.550038	0.561298	0.530505	0.884517	0.0	0.263073	0.763227	0.50951	0.515276	0.625233	0.412131	0.586385	0.59396	0.536294	0.505403	0.600062	0.558548	0.636949	0.875403	0.577942M.sylvanus	0.422235	0.737969	0.518576	0.404277	0.396109	0.39279	0.7156	0.53818	0.528321	0.527408	0.887336	0.263073	0.0	0.812224	0.51518	0.539808	0.609132	0.3865	0.565632	0.596336	0.512753	0.509917	0.574972	0.546144	0.590813	0.872256	0.581856N.coucang 	0.839513	0.867136	0.855577	0.831295	0.82412	0.867751	0.748721	0.795222	0.793391	0.781666	0.65541	0.763227	0.812224	0.0	0.838253	0.756443	0.901031	0.864747	0.846909	0.85464	0.767208	0.737251	0.976597	0.780522	1.0	0.708121	0.962903N.larvatus	0.535982	0.705479	0.403622	0.491897	0.515154	0.502653	0.754378	0.615	0.638505	0.619759	0.7621	0.50951	0.51518	0.838253	0.0	0.651182	0.404619	0.537755	0.358672	0.354154	0.596199	0.606979	0.322053	0.617484	0.372859	0.759059	0.368778P.abelii  	0.54305	0.715612	0.584802	0.550941	0.539706	0.534321	0.63875	0.359868	0.420106	0.328808	0.809349	0.515276	0.539808	0.756443	0.651182	0.0	0.692628	0.521626	0.671105	0.726686	0.364954	0.133715	0.724416	0.374411	0.708761	0.794982	0.715577P.badius  	0.640931	0.78376	0.404183	0.598898	0.58378	0.599574	0.818431	0.648659	0.677743	0.675277	0.825645	0.625233	0.609132	0.901031	0.404619	0.692628	0.0	0.616746	0.457011	0.464784	0.597928	0.685055	0.419319	0.607112	0.469648	0.77341	0.419871P.hamadrya	0.44327	0.819825	0.541793	0.437379	0.413494	0.422449	0.738371	0.552343	0.587083	0.573301	0.906164	0.412131	0.3865	0.864747	0.537755	0.521626	0.616746	0.0	0.609583	0.629131	0.572516	0.530675	0.632158	0.583444	0.645042	0.884222	0.621217P.melaloph	0.563166	0.750195	0.430713	0.551008	0.527626	0.53912	0.815408	0.606145	0.687527	0.64645	0.766013	0.586385	0.565632	0.846909	0.358672	0.671105	0.457011	0.609583	0.0	0.418534	0.624999	0.667448	0.374875	0.649963	0.397298	0.831561	0.358285P.nemaeus 	0.591103	0.74614	0.470633	0.570315	0.562194	0.579958	0.832754	0.68062	0.713993	0.658833	0.821519	0.59396	0.596336	0.85464	0.354154	0.726686	0.464784	0.629131	0.418534	0.0	0.641437	0.677119	0.371255	0.637974	0.449946	0.835783	0.430396P.paniscus	0.573388	0.72692	0.560391	0.533896	0.538664	0.55056	0.666802	0.254934	0.402282	0.209358	0.758608	0.536294	0.512753	0.767208	0.596199	0.364954	0.597928	0.572516	0.624999	0.641437	0.0	0.362371	0.658226	0.103055	0.65186	0.674778	0.633701P.pygmaeus	0.546449	0.731604	0.581281	0.557214	0.561626	0.529403	0.637918	0.374351	0.401471	0.339286	0.78843	0.505403	0.509917	0.737251	0.606979	0.133715	0.685055	0.530675	0.667448	0.677119	0.362371	0.0	0.729537	0.366584	0.724867	0.74344	0.690179P.roxellan	0.60862	0.792269	0.43754	0.612063	0.562498	0.586126	0.888123	0.668006	0.712456	0.672708	0.852218	0.600062	0.574972	0.976597	0.322053	0.724416	0.419319	0.632158	0.374875	0.371255	0.658226	0.729537	0.0	0.659151	0.389415	0.821106	0.374397P.troglody	0.585236	0.733882	0.576118	0.564278	0.554599	0.571939	0.688101	0.260315	0.408843	0.206958	0.726116	0.558548	0.546144	0.780522	0.617484	0.374411	0.607112	0.583444	0.649963	0.637974	0.103055	0.366584	0.659151	0.0	0.665493	0.706452	0.648356S.entellus	0.658531	0.751986	0.459971	0.611267	0.575928	0.618696	0.855974	0.697695	0.718846	0.667249	0.840853	0.636949	0.590813	1.0	0.372859	0.708761	0.469648	0.645042	0.397298	0.449946	0.65186	0.724867	0.389415	0.665493	0.0	0.812781	0.390595T.bancanus	0.893815	0.818496	0.765207	0.871204	0.820614	0.860278	0.684304	0.826024	0.846332	0.755608	0.630657	0.875403	0.872256	0.708121	0.759059	0.794982	0.77341	0.884222	0.831561	0.835783	0.674778	0.74344	0.821106	0.706452	0.812781	0.0	0.831468T.obscurus	0.584008	0.792547	0.434381	0.565685	0.530894	0.535079	0.839424	0.650142	0.681286	0.679208	0.785041	0.577942	0.581856	0.962903	0.368778	0.715577	0.419871	0.621217	0.358285	0.430396	0.633701	0.690179	0.374397	0.648356	0.390595	0.831468	0.0