27C.aethiops	0.0	0.538394	0.604885	0.543675	0.572242	0.567687	0.807106	0.639785	0.655823	0.651865	0.704337	0.611251	0.603905	0.766494	0.7034	0.661206	0.556244	0.67345	0.577694	0.635031	0.692021	0.629314	0.588178	0.625882	0.617141	0.67634	0.628013C.albifron	0.538394	0.0	0.14457	0.45797	0.56759	0.499982	0.49395	0.488385	0.488857	0.411538	0.22093	0.564496	0.570153	0.497865	0.170048	0.556519	0.099194	0.498109	0.090314	0.167077	0.340875	0.580119	0.067954	0.337299	0.131492	0.14125	0.105096C.guereza 	0.604885	0.14457	0.0	0.529096	0.62774	0.569237	0.506173	0.520996	0.498226	0.417342	0.351531	0.609759	0.616288	0.674546	0.209052	0.534339	0.171711	0.51525	0.207478	0.256432	0.363184	0.541	0.152418	0.382559	0.17036	0.263079	0.16522C.pygeryth	0.543675	0.45797	0.529096	0.0	0.541027	0.518044	0.778436	0.588572	0.61285	0.592593	0.675036	0.594268	0.569194	0.748582	0.627508	0.633062	0.501799	0.614688	0.51089	0.574423	0.601781	0.573601	0.526962	0.545342	0.545302	0.594902	0.549435C.sabaeus 	0.572242	0.56759	0.62774	0.541027	0.0	0.557982	0.888077	0.660562	0.669746	0.662695	0.746155	0.599877	0.588789	0.8044	0.743971	0.675894	0.594296	0.668199	0.607689	0.663504	0.715429	0.634123	0.629851	0.646971	0.640851	0.736227	0.670545C.tantalus	0.567687	0.499982	0.569237	0.518044	0.557982	0.0	0.832984	0.646337	0.674823	0.623692	0.723635	0.630662	0.606005	0.788614	0.682698	0.68572	0.570251	0.632933	0.551245	0.60986	0.65114	0.616922	0.578272	0.599322	0.585873	0.675088	0.605345C.variegat	0.807106	0.49395	0.506173	0.778436	0.888077	0.832984	0.0	0.731568	0.733445	0.697536	0.686338	0.89719	0.903369	0.845888	0.558163	0.740711	0.492174	0.776166	0.536772	0.598041	0.661004	0.766011	0.473454	0.654401	0.52582	0.541641	0.485335G.gorilla 	0.639785	0.488385	0.520996	0.588572	0.660562	0.646337	0.731568	0.0	0.478418	0.450938	0.664753	0.573397	0.57077	0.863047	0.608351	0.46289	0.440395	0.603216	0.532366	0.582324	0.433566	0.465879	0.52879	0.403473	0.522188	0.535949	0.550285H.lar     	0.655823	0.488857	0.498226	0.61285	0.669746	0.674823	0.733445	0.478418	0.0	0.472435	0.69071	0.541205	0.551524	0.963146	0.558888	0.441864	0.415385	0.564961	0.530531	0.567822	0.47293	0.484757	0.517004	0.436737	0.473101	0.562784	0.518454H.sapiens 	0.651865	0.411538	0.417342	0.592593	0.662695	0.623692	0.697536	0.450938	0.472435	0.0	0.603706	0.567922	0.577838	0.929573	0.50612	0.441967	0.421272	0.528295	0.455776	0.485666	0.36542	0.449977	0.447877	0.363579	0.411215	0.515665	0.469966L.catta   	0.704337	0.22093	0.351531	0.675036	0.746155	0.723635	0.686338	0.664753	0.69071	0.603706	0.0	0.69461	0.749975	0.60345	0.342807	0.709119	0.215383	0.814083	0.268297	0.313703	0.582289	0.818991	0.226326	0.547461	0.331228	0.270327	0.317128M.mulatta 	0.611251	0.564496	0.609759	0.594268	0.599877	0.630662	0.89719	0.573397	0.541205	0.567922	0.69461	0.0	0.518643	0.883037	0.695987	0.551193	0.536797	0.621248	0.599756	0.637253	0.624017	0.561439	0.600911	0.568258	0.575474	0.718874	0.655406M.sylvanus	0.603905	0.570153	0.616288	0.569194	0.588789	0.606005	0.903369	0.57077	0.551524	0.577838	0.749975	0.518643	0.0	0.870738	0.712055	0.57355	0.567883	0.593782	0.611178	0.662312	0.612711	0.548866	0.628242	0.563317	0.591412	0.738901	0.659108N.coucang 	0.766494	0.497865	0.674546	0.748582	0.8044	0.788614	0.845888	0.863047	0.963146	0.929573	0.60345	0.883037	0.870738	0.0	0.729135	1.0	0.54839	0.956556	0.547696	0.659976	0.91158	0.988894	0.546392	0.847578	0.694635	0.616559	0.619312N.larvatus	0.7034	0.170048	0.209052	0.627508	0.743971	0.682698	0.558163	0.608351	0.558888	0.50612	0.342807	0.695987	0.712055	0.729135	0.0	0.623488	0.17479	0.613536	0.233534	0.273641	0.431374	0.654559	0.159042	0.456382	0.189903	0.256988	0.181083P.abelii  	0.661206	0.556519	0.534339	0.633062	0.675894	0.68572	0.740711	0.46289	0.441864	0.441967	0.709119	0.551193	0.57355	1.0	0.623488	0.0	0.455978	0.603225	0.588361	0.615848	0.46686	0.455654	0.568486	0.430743	0.526639	0.60907	0.58675P.badius  	0.556244	0.099194	0.171711	0.501799	0.594296	0.570251	0.492174	0.440395	0.415385	0.421272	0.215383	0.536797	0.567883	0.54839	0.17479	0.455978	0.0	0.603166	0.154227	0.208403	0.364615	0.531563	0.093504	0.336831	0.157016	0.119169	0.134769P.hamadrya	0.67345	0.498109	0.51525	0.614688	0.668199	0.632933	0.776166	0.603216	0.564961	0.528295	0.814083	0.621248	0.593782	0.956556	0.613536	0.603225	0.603166	0.0	0.557017	0.61619	0.515488	0.583266	0.553268	0.538915	0.483765	0.764609	0.552186P.melaloph	0.577694	0.090314	0.207478	0.51089	0.607689	0.551245	0.536772	0.532366	0.530531	0.455776	0.268297	0.599756	0.611178	0.547696	0.233534	0.588361	0.154227	0.557017	0.0	0.221485	0.408527	0.621046	0.131466	0.399157	0.192728	0.211476	0.172722P.nemaeus 	0.635031	0.167077	0.256432	0.574423	0.663504	0.60986	0.598041	0.582324	0.567822	0.485666	0.313703	0.637253	0.662312	0.659976	0.273641	0.615848	0.208403	0.61619	0.221485	0.0	0.450616	0.654888	0.189054	0.446858	0.237053	0.269705	0.237727P.paniscus	0.692021	0.340875	0.363184	0.601781	0.715429	0.65114	0.661004	0.433566	0.47293	0.36542	0.582289	0.624017	0.612711	0.91158	0.431374	0.46686	0.364615	0.515488	0.408527	0.450616	0.0	0.45746	0.38172	0.31938	0.359872	0.41597	0.384609P.pygmaeus	0.629314	0.580119	0.541	0.573601	0.634123	0.616922	0.766011	0.465879	0.484757	0.449977	0.818991	0.561439	0.548866	0.988894	0.654559	0.455654	0.531563	0.583266	0.621046	0.654888	0.45746	0.0	0.615579	0.432292	0.546405	0.657232	0.60461P.roxellan	0.588178	0.067954	0.152418	0.526962	0.629851	0.578272	0.473454	0.52879	0.517004	0.447877	0.226326	0.600911	0.628242	0.546392	0.159042	0.568486	0.093504	0.553268	0.131466	0.189054	0.38172	0.615579	0.0	0.393446	0.132956	0.160651	0.109102P.troglody	0.625882	0.337299	0.382559	0.545342	0.646971	0.599322	0.654401	0.403473	0.436737	0.363579	0.547461	0.568258	0.563317	0.847578	0.456382	0.430743	0.336831	0.538915	0.399157	0.446858	0.31938	0.432292	0.393446	0.0	0.386916	0.375732	0.401988S.entellus	0.617141	0.131492	0.17036	0.545302	0.640851	0.585873	0.52582	0.522188	0.473101	0.411215	0.331228	0.575474	0.591412	0.694635	0.189903	0.526639	0.157016	0.483765	0.192728	0.237053	0.359872	0.546405	0.132956	0.386916	0.0	0.267005	0.158184T.bancanus	0.67634	0.14125	0.263079	0.594902	0.736227	0.675088	0.541641	0.535949	0.562784	0.515665	0.270327	0.718874	0.738901	0.616559	0.256988	0.60907	0.119169	0.764609	0.211476	0.269705	0.41597	0.657232	0.160651	0.375732	0.267005	0.0	0.202124T.obscurus	0.628013	0.105096	0.16522	0.549435	0.670545	0.605345	0.485335	0.550285	0.518454	0.469966	0.317128	0.655406	0.659108	0.619312	0.181083	0.58675	0.134769	0.552186	0.172722	0.237727	0.384609	0.60461	0.109102	0.401988	0.158184	0.202124	0.0