27C.aethiops	0.0	0.825376	0.567865	0.151223	0.212314	0.132804	0.747481	0.615249	0.636229	0.623978	0.9083	0.484935	0.467043	0.903632	0.564113	0.550486	0.721206	0.473038	0.604496	0.658186	0.583322	0.558914	0.646816	0.614043	0.719776	0.893965	0.641268C.albifron	0.825376	0.0	0.779586	0.833559	0.851777	0.826317	0.745992	0.744925	0.746132	0.679941	0.759376	0.825702	0.782368	0.830345	0.735651	0.671456	0.759506	0.847502	0.722746	0.740911	0.704406	0.71499	0.755532	0.693557	0.739492	0.796001	0.756828C.guereza 	0.567865	0.779586	0.0	0.547822	0.561854	0.549864	0.718288	0.593173	0.625303	0.597076	0.774512	0.6045	0.553034	0.849434	0.430881	0.630108	0.430437	0.536091	0.439477	0.519195	0.581489	0.611894	0.472032	0.584999	0.480832	0.775537	0.472252C.pygeryth	0.151223	0.833559	0.547822	0.0	0.19953	0.146577	0.678009	0.581218	0.584932	0.589985	0.859889	0.47002	0.447453	0.909147	0.525346	0.553372	0.663554	0.483371	0.606516	0.627802	0.556717	0.557069	0.677846	0.599209	0.691616	0.870328	0.612996C.sabaeus 	0.212314	0.851777	0.561854	0.19953	0.0	0.192909	0.665872	0.589793	0.592078	0.573682	0.877158	0.459796	0.439567	0.892491	0.539193	0.516432	0.627407	0.45369	0.549692	0.623285	0.551574	0.558482	0.598997	0.611371	0.642997	0.828823	0.586965C.tantalus	0.132804	0.826317	0.549864	0.146577	0.192909	0.0	0.7246	0.590411	0.6245	0.582424	0.844803	0.445372	0.439024	0.921046	0.549733	0.521992	0.662184	0.438449	0.609786	0.665395	0.576237	0.545953	0.663181	0.639226	0.691752	0.85761	0.590975C.variegat	0.747481	0.745992	0.718288	0.678009	0.665872	0.7246	0.0	0.643957	0.682801	0.626225	0.621279	0.779066	0.683966	0.694023	0.728955	0.557699	0.757606	0.795877	0.777628	0.790472	0.591191	0.585819	0.839441	0.622742	0.825241	0.641483	0.848838G.gorilla 	0.615249	0.744925	0.593173	0.581218	0.589793	0.590411	0.643957	0.0	0.451881	0.268786	0.848431	0.574586	0.549987	0.829726	0.622727	0.352577	0.625014	0.544407	0.583215	0.680046	0.276145	0.3679	0.691184	0.289353	0.731562	0.776837	0.635336H.lar     	0.636229	0.746132	0.625303	0.584932	0.592078	0.6245	0.682801	0.451881	0.0	0.418571	0.941476	0.623486	0.550967	0.795693	0.688266	0.445333	0.672372	0.594845	0.712679	0.740988	0.405713	0.427116	0.762112	0.426394	0.790196	0.798427	0.730481H.sapiens 	0.623978	0.679941	0.597076	0.589985	0.573682	0.582424	0.626225	0.268786	0.418571	0.0	0.758989	0.555185	0.532587	0.787504	0.631396	0.339755	0.678496	0.563474	0.628264	0.65284	0.22731	0.366019	0.672984	0.226346	0.714563	0.691671	0.70154L.catta   	0.9083	0.759376	0.774512	0.859889	0.877158	0.844803	0.621279	0.848431	0.941476	0.758989	0.0	0.997337	0.996721	0.727273	0.847523	0.877114	0.903023	1.0	0.855029	0.919664	0.817162	0.868551	0.857105	0.759295	0.852398	0.680415	0.798904M.mulatta 	0.484935	0.825702	0.6045	0.47002	0.459796	0.445372	0.779066	0.574586	0.623486	0.555185	0.997337	0.0	0.312958	0.822897	0.550057	0.503068	0.679139	0.451711	0.619142	0.6354	0.600181	0.534036	0.647207	0.631869	0.703784	0.951194	0.638281M.sylvanus	0.467043	0.782368	0.553034	0.447453	0.439567	0.439024	0.683966	0.549987	0.550967	0.532587	0.996721	0.312958	0.0	0.844348	0.562965	0.516169	0.646251	0.410523	0.646147	0.628029	0.540908	0.518103	0.646686	0.591086	0.67153	0.911394	0.649164N.coucang 	0.903632	0.830345	0.849434	0.909147	0.892491	0.921046	0.694023	0.829726	0.795693	0.787504	0.727273	0.822897	0.844348	0.0	0.850336	0.799788	0.956066	0.919206	0.878907	0.862948	0.775034	0.769445	0.97035	0.754976	0.993461	0.714185	0.966613N.larvatus	0.564113	0.735651	0.430881	0.525346	0.539193	0.549733	0.728955	0.622727	0.688266	0.631396	0.847523	0.550057	0.562965	0.850336	0.0	0.6761	0.413127	0.565577	0.383372	0.402962	0.665606	0.671841	0.355774	0.655828	0.428321	0.728483	0.397922P.abelii  	0.550486	0.671456	0.630108	0.553372	0.516432	0.521992	0.557699	0.352577	0.445333	0.339755	0.877114	0.503068	0.516169	0.799788	0.6761	0.0	0.675741	0.486954	0.698338	0.739945	0.360854	0.144236	0.718447	0.386473	0.791409	0.738148	0.712072P.badius  	0.721206	0.759506	0.430437	0.663554	0.627407	0.662184	0.757606	0.625014	0.672372	0.678496	0.903023	0.679139	0.646251	0.956066	0.413127	0.675741	0.0	0.65257	0.492152	0.491787	0.609987	0.675268	0.409377	0.589492	0.476736	0.791183	0.470916P.hamadrya	0.473038	0.847502	0.536091	0.483371	0.45369	0.438449	0.795877	0.544407	0.594845	0.563474	1.0	0.451711	0.410523	0.919206	0.565577	0.486954	0.65257	0.0	0.639413	0.699623	0.580117	0.542915	0.64992	0.594734	0.688074	0.911212	0.654497P.melaloph	0.604496	0.722746	0.439477	0.606516	0.549692	0.609786	0.777628	0.583215	0.712679	0.628264	0.855029	0.619142	0.646147	0.878907	0.383372	0.698338	0.492152	0.639413	0.0	0.450384	0.65372	0.680775	0.379438	0.647431	0.437432	0.803472	0.391645P.nemaeus 	0.658186	0.740911	0.519195	0.627802	0.623285	0.665395	0.790472	0.680046	0.740988	0.65284	0.919664	0.6354	0.628029	0.862948	0.402962	0.739945	0.491787	0.699623	0.450384	0.0	0.715602	0.691269	0.40388	0.691363	0.497505	0.85035	0.46522P.paniscus	0.583322	0.704406	0.581489	0.556717	0.551574	0.576237	0.591191	0.276145	0.405713	0.22731	0.817162	0.600181	0.540908	0.775034	0.665606	0.360854	0.609987	0.580117	0.65372	0.715602	0.0	0.371256	0.693788	0.123425	0.708272	0.626847	0.709492P.pygmaeus	0.558914	0.71499	0.611894	0.557069	0.558482	0.545953	0.585819	0.3679	0.427116	0.366019	0.868551	0.534036	0.518103	0.769445	0.671841	0.144236	0.675268	0.542915	0.680775	0.691269	0.371256	0.0	0.758912	0.389914	0.851509	0.749286	0.694153P.roxellan	0.646816	0.755532	0.472032	0.677846	0.598997	0.663181	0.839441	0.691184	0.762112	0.672984	0.857105	0.647207	0.646686	0.97035	0.355774	0.718447	0.409377	0.64992	0.379438	0.40388	0.693788	0.758912	0.0	0.67479	0.393067	0.84306	0.404251P.troglody	0.614043	0.693557	0.584999	0.599209	0.611371	0.639226	0.622742	0.289353	0.426394	0.226346	0.759295	0.631869	0.591086	0.754976	0.655828	0.386473	0.589492	0.594734	0.647431	0.691363	0.123425	0.389914	0.67479	0.0	0.724531	0.655785	0.694742S.entellus	0.719776	0.739492	0.480832	0.691616	0.642997	0.691752	0.825241	0.731562	0.790196	0.714563	0.852398	0.703784	0.67153	0.993461	0.428321	0.791409	0.476736	0.688074	0.437432	0.497505	0.708272	0.851509	0.393067	0.724531	0.0	0.822079	0.42928T.bancanus	0.893965	0.796001	0.775537	0.870328	0.828823	0.85761	0.641483	0.776837	0.798427	0.691671	0.680415	0.951194	0.911394	0.714185	0.728483	0.738148	0.791183	0.911212	0.803472	0.85035	0.626847	0.749286	0.84306	0.655785	0.822079	0.0	0.904707T.obscurus	0.641268	0.756828	0.472252	0.612996	0.586965	0.590975	0.848838	0.635336	0.730481	0.70154	0.798904	0.638281	0.649164	0.966613	0.397922	0.712072	0.470916	0.654497	0.391645	0.46522	0.709492	0.694153	0.404251	0.694742	0.42928	0.904707	0.0