27C.aethiops	0.0	0.731623	0.385049	0.187405	0.203192	0.170853	0.453442	0.302314	0.341716	0.324422	0.607615	0.330907	0.286272	0.574333	0.436476	0.287843	0.684558	0.458308	0.464951	0.56679	0.386813	0.329402	0.563484	0.389249	0.657945	0.705653	0.689725C.albifron	0.731623	0.0	0.50175	0.590826	0.69148	0.668329	0.568219	0.628442	0.698292	0.618177	0.588054	0.694399	0.635204	0.735215	0.412195	0.777566	0.429689	0.779349	0.405879	0.451823	0.54574	0.673423	0.547761	0.556566	0.458851	0.505228	0.447674C.guereza 	0.385049	0.50175	0.0	0.363833	0.340738	0.338437	0.407151	0.34928	0.385354	0.297492	0.505211	0.401355	0.353643	0.582654	0.308153	0.332186	0.358955	0.412173	0.270562	0.375435	0.3041	0.331796	0.381776	0.306969	0.363206	0.465072	0.336724C.pygeryth	0.187405	0.590826	0.363833	0.0	0.174573	0.155309	0.371548	0.273958	0.288135	0.263303	0.543513	0.27425	0.271121	0.508555	0.389044	0.253117	0.604351	0.438007	0.437846	0.54937	0.303949	0.279864	0.583449	0.32166	0.570544	0.594037	0.625439C.sabaeus 	0.203192	0.69148	0.340738	0.174573	0.0	0.162178	0.35495	0.271838	0.287629	0.249584	0.553606	0.254181	0.240104	0.626946	0.38737	0.249847	0.559752	0.372772	0.38444	0.530392	0.311596	0.286041	0.499793	0.328014	0.552581	0.525508	0.533502C.tantalus	0.170853	0.668329	0.338437	0.155309	0.162178	0.0	0.379164	0.279428	0.289529	0.239942	0.517144	0.222098	0.215082	0.538131	0.377221	0.254959	0.598887	0.390692	0.42171	0.509001	0.317164	0.291643	0.524937	0.32864	0.57146	0.555246	0.591014C.variegat	0.453442	0.568219	0.407151	0.371548	0.35495	0.379164	0.0	0.312989	0.284335	0.302724	0.37683	0.371976	0.38028	0.407876	0.460791	0.285853	0.464684	0.474904	0.421756	0.517241	0.283638	0.279358	0.628033	0.299894	0.599874	0.351435	0.587679G.gorilla 	0.302314	0.628442	0.34928	0.273958	0.271838	0.279428	0.312989	0.0	0.231569	0.172129	0.489563	0.307853	0.267481	0.435697	0.403321	0.17507	0.499639	0.398416	0.438587	0.470999	0.169887	0.187879	0.564583	0.204341	0.665416	0.656519	0.565087H.lar     	0.341716	0.698292	0.385354	0.288135	0.287629	0.289529	0.284335	0.231569	0.0	0.229758	0.483253	0.253756	0.254364	0.473227	0.421572	0.201714	0.529858	0.386641	0.434873	0.470696	0.280231	0.202764	0.634612	0.266013	0.730607	0.622202	0.614994H.sapiens 	0.324422	0.618177	0.297492	0.263303	0.249584	0.239942	0.302724	0.172129	0.229758	0.0	0.461619	0.214013	0.241859	0.438759	0.426445	0.136911	0.490967	0.341709	0.424671	0.452348	0.159687	0.17489	0.575072	0.156823	0.635244	0.578693	0.54395L.catta   	0.607615	0.588054	0.505211	0.543513	0.553606	0.517144	0.37683	0.489563	0.483253	0.461619	0.0	0.528483	0.642829	0.505581	0.564868	0.54212	0.588337	0.613985	0.539323	0.609528	0.415774	0.457516	0.772949	0.392528	0.756633	0.46382	0.650059M.mulatta 	0.330907	0.694399	0.401355	0.27425	0.254181	0.222098	0.371976	0.307853	0.253756	0.214013	0.528483	0.0	0.179412	0.436494	0.43292	0.239706	0.64189	0.334934	0.464561	0.473759	0.306273	0.270065	0.555079	0.310703	0.585317	0.580459	0.612458M.sylvanus	0.286272	0.635204	0.353643	0.271121	0.240104	0.215082	0.38028	0.267481	0.254364	0.241859	0.642829	0.179412	0.0	0.506047	0.375582	0.260247	0.655745	0.320047	0.496451	0.52271	0.305242	0.28796	0.616909	0.323136	0.57279	0.635644	0.659108N.coucang 	0.574333	0.735215	0.582654	0.508555	0.626946	0.538131	0.407876	0.435697	0.473227	0.438759	0.505581	0.436494	0.506047	0.0	0.621957	0.38328	0.844748	0.559489	0.687328	0.710044	0.435527	0.423969	0.990251	0.447945	0.933255	0.722832	1.0N.larvatus	0.436476	0.412195	0.308153	0.389044	0.38737	0.377221	0.460791	0.403321	0.421572	0.426445	0.564868	0.43292	0.375582	0.621957	0.0	0.528412	0.27319	0.532328	0.289911	0.295292	0.42783	0.521378	0.300955	0.467506	0.334363	0.48685	0.314609P.abelii  	0.287843	0.777566	0.332186	0.253117	0.249847	0.254959	0.285853	0.17507	0.201714	0.136911	0.54212	0.239706	0.260247	0.38328	0.528412	0.0	0.577422	0.315967	0.490276	0.553155	0.198719	0.07453	0.673878	0.213439	0.700609	0.612888	0.706766P.badius  	0.684558	0.429689	0.358955	0.604351	0.559752	0.598887	0.464684	0.499639	0.529858	0.490967	0.588337	0.64189	0.655745	0.844748	0.27319	0.577422	0.0	0.660747	0.358289	0.40413	0.432182	0.555498	0.347467	0.47462	0.367093	0.483459	0.355807P.hamadrya	0.458308	0.779349	0.412173	0.438007	0.372772	0.390692	0.474904	0.398416	0.386641	0.341709	0.613985	0.334934	0.320047	0.559489	0.532328	0.315967	0.660747	0.0	0.546175	0.63481	0.405317	0.374255	0.780597	0.427314	0.714631	0.737775	0.699308P.melaloph	0.464951	0.405879	0.270562	0.437846	0.38444	0.42171	0.421756	0.438587	0.434873	0.424671	0.539323	0.464561	0.496451	0.687328	0.289911	0.490276	0.358289	0.546175	0.0	0.335405	0.386841	0.439792	0.322773	0.400423	0.340676	0.449794	0.304222P.nemaeus 	0.56679	0.451823	0.375435	0.54937	0.530392	0.509001	0.517241	0.470999	0.470696	0.452348	0.609528	0.473759	0.52271	0.710044	0.295292	0.553155	0.40413	0.63481	0.335405	0.0	0.441056	0.492806	0.316719	0.467802	0.38268	0.603513	0.354436P.paniscus	0.386813	0.54574	0.3041	0.303949	0.311596	0.317164	0.283638	0.169887	0.280231	0.159687	0.415774	0.306273	0.305242	0.435527	0.42783	0.198719	0.432182	0.405317	0.386841	0.441056	0.0	0.1888	0.550003	0.118691	0.597296	0.456851	0.476028P.pygmaeus	0.329402	0.673423	0.331796	0.279864	0.286041	0.291643	0.279358	0.187879	0.202764	0.17489	0.457516	0.270065	0.28796	0.423969	0.521378	0.07453	0.555498	0.374255	0.439792	0.492806	0.1888	0.0	0.679573	0.20086	0.71781	0.610533	0.572675P.roxellan	0.563484	0.547761	0.381776	0.583449	0.499793	0.524937	0.628033	0.564583	0.634612	0.575072	0.772949	0.555079	0.616909	0.990251	0.300955	0.673878	0.347467	0.780597	0.322773	0.316719	0.550003	0.679573	0.0	0.57237	0.331705	0.632639	0.32468P.troglody	0.389249	0.556566	0.306969	0.32166	0.328014	0.32864	0.299894	0.204341	0.266013	0.156823	0.392528	0.310703	0.323136	0.447945	0.467506	0.213439	0.47462	0.427314	0.400423	0.467802	0.118691	0.20086	0.57237	0.0	0.666628	0.546761	0.525774S.entellus	0.657945	0.458851	0.363206	0.570544	0.552581	0.57146	0.599874	0.665416	0.730607	0.635244	0.756633	0.585317	0.57279	0.933255	0.334363	0.700609	0.367093	0.714631	0.340676	0.38268	0.597296	0.71781	0.331705	0.666628	0.0	0.540873	0.400607T.bancanus	0.705653	0.505228	0.465072	0.594037	0.525508	0.555246	0.351435	0.656519	0.622202	0.578693	0.46382	0.580459	0.635644	0.722832	0.48685	0.612888	0.483459	0.737775	0.449794	0.603513	0.456851	0.610533	0.632639	0.546761	0.540873	0.0	0.547008T.obscurus	0.689725	0.447674	0.336724	0.625439	0.533502	0.591014	0.587679	0.565087	0.614994	0.54395	0.650059	0.612458	0.659108	1.0	0.314609	0.706766	0.355807	0.699308	0.304222	0.354436	0.476028	0.572675	0.32468	0.525774	0.400607	0.547008	0.0