27C.aethiops	0.0	0.804564	0.453883	0.182088	0.216335	0.158517	0.520522	0.41035	0.453822	0.418393	0.710629	0.402564	0.358874	0.69644	0.479997	0.394218	0.651787	0.447331	0.517131	0.640024	0.454773	0.418735	0.627953	0.473191	0.700115	0.746434	0.661299C.albifron	0.804564	0.0	0.579946	0.719193	0.733078	0.68154	0.581091	0.625055	0.735641	0.625545	0.707047	0.789637	0.647579	0.762232	0.504229	0.679802	0.551034	0.796353	0.486297	0.564905	0.63919	0.647851	0.654405	0.614779	0.556682	0.604468	0.618573C.guereza 	0.453883	0.579946	0.0	0.440722	0.433679	0.422877	0.509672	0.457423	0.478517	0.442949	0.628493	0.512931	0.441047	0.659106	0.341444	0.460137	0.399101	0.459964	0.350846	0.455856	0.44721	0.481081	0.431345	0.43925	0.435642	0.606564	0.41797C.pygeryth	0.182088	0.719193	0.440722	0.0	0.17941	0.157721	0.458488	0.37791	0.396893	0.37311	0.636712	0.361102	0.318097	0.664469	0.4596	0.380583	0.591406	0.450086	0.471585	0.568075	0.384433	0.380843	0.664152	0.408077	0.627389	0.681526	0.586056C.sabaeus 	0.216335	0.733078	0.433679	0.17941	0.0	0.166208	0.431733	0.381088	0.417404	0.376039	0.635958	0.327908	0.292164	0.742135	0.424269	0.371192	0.547469	0.384778	0.428297	0.556003	0.408275	0.382374	0.564619	0.439191	0.598961	0.598356	0.540153C.tantalus	0.158517	0.68154	0.422877	0.157721	0.166208	0.0	0.457763	0.360399	0.419198	0.359607	0.611987	0.325223	0.286408	0.697779	0.428645	0.353221	0.550391	0.382869	0.453981	0.565368	0.40811	0.371151	0.582856	0.434584	0.604552	0.614627	0.544806C.variegat	0.520522	0.581091	0.509672	0.458488	0.431733	0.457763	0.0	0.412259	0.429699	0.384063	0.458371	0.52949	0.429036	0.503581	0.510562	0.357375	0.559937	0.575023	0.523397	0.603042	0.364643	0.364928	0.720855	0.384746	0.624309	0.40536	0.665713G.gorilla 	0.41035	0.625055	0.457423	0.37791	0.381088	0.360399	0.412259	0.0	0.346778	0.199524	0.604594	0.432419	0.366902	0.556436	0.481855	0.215531	0.571053	0.412898	0.494288	0.584587	0.212936	0.253553	0.605521	0.236284	0.666494	0.620107	0.579409H.lar     	0.453822	0.735641	0.478517	0.396893	0.417404	0.419198	0.429699	0.346778	0.0	0.329763	0.637591	0.45122	0.378179	0.617556	0.508058	0.303502	0.614927	0.477796	0.502159	0.593446	0.331634	0.292717	0.672589	0.33648	0.751833	0.647089	0.659588H.sapiens 	0.418393	0.625545	0.442949	0.37311	0.376039	0.359607	0.384063	0.199524	0.329763	0.0	0.547854	0.376078	0.353767	0.532093	0.514746	0.209441	0.565863	0.444732	0.494227	0.585701	0.181922	0.248765	0.620528	0.189376	0.687358	0.56156	0.638807L.catta   	0.710629	0.707047	0.628493	0.636712	0.635958	0.611987	0.458371	0.604594	0.637591	0.547854	0.0	0.729381	0.712124	0.565169	0.730766	0.633921	0.704749	0.820364	0.625938	0.749714	0.567534	0.64962	0.842688	0.529571	0.800647	0.587176	0.66588M.mulatta 	0.402564	0.789637	0.512931	0.361102	0.327908	0.325223	0.52949	0.432419	0.45122	0.376078	0.729381	0.0	0.245149	0.624403	0.480878	0.338907	0.658082	0.385625	0.515674	0.581621	0.442904	0.36665	0.595704	0.459921	0.655269	0.69453	0.636542M.sylvanus	0.358874	0.647579	0.441047	0.318097	0.292164	0.286408	0.429036	0.366902	0.378179	0.353767	0.712124	0.245149	0.0	0.61848	0.453325	0.338277	0.598024	0.361744	0.508822	0.544862	0.390194	0.364841	0.60972	0.436078	0.581741	0.667601	0.649124N.coucang 	0.69644	0.762232	0.659106	0.664469	0.742135	0.697779	0.503581	0.556436	0.617556	0.532093	0.565169	0.624403	0.61848	0.0	0.708994	0.536652	0.903492	0.694428	0.722758	0.824818	0.548066	0.555148	1.0	0.539965	0.876731	0.735022	0.985035N.larvatus	0.479997	0.504229	0.341444	0.4596	0.424269	0.428645	0.510562	0.481855	0.508058	0.514746	0.730766	0.480878	0.453325	0.708994	0.0	0.587893	0.328127	0.53214	0.327694	0.360596	0.521708	0.581097	0.34399	0.495201	0.370642	0.571102	0.378421P.abelii  	0.394218	0.679802	0.460137	0.380583	0.371192	0.353221	0.357375	0.215531	0.303502	0.209441	0.633921	0.338907	0.338277	0.536652	0.587893	0.0	0.584983	0.371516	0.511626	0.638274	0.260262	0.111997	0.666159	0.28987	0.747061	0.586443	0.680846P.badius  	0.651787	0.551034	0.399101	0.591406	0.547469	0.550391	0.559937	0.571053	0.614927	0.565863	0.704749	0.658082	0.598024	0.903492	0.328127	0.584983	0.0	0.687716	0.420808	0.468508	0.498863	0.590241	0.393865	0.515128	0.419233	0.625067	0.404717P.hamadrya	0.447331	0.796353	0.459964	0.450086	0.384778	0.382869	0.575023	0.412898	0.477796	0.444732	0.820364	0.385625	0.361744	0.694428	0.53214	0.371516	0.687716	0.0	0.540969	0.696648	0.477803	0.421661	0.746553	0.505941	0.699802	0.777899	0.69807P.melaloph	0.517131	0.486297	0.350846	0.471585	0.428297	0.453981	0.523397	0.494288	0.502159	0.494227	0.625938	0.515674	0.508822	0.722758	0.327694	0.511626	0.420808	0.540969	0.0	0.362587	0.467701	0.504511	0.362244	0.479398	0.363648	0.58218	0.339542P.nemaeus 	0.640024	0.564905	0.455856	0.568075	0.556003	0.565368	0.603042	0.584587	0.593446	0.585701	0.749714	0.581621	0.544862	0.824818	0.360596	0.638274	0.468508	0.696648	0.362587	0.0	0.606715	0.599245	0.390135	0.561198	0.425475	0.692273	0.406237P.paniscus	0.454773	0.63919	0.44721	0.384433	0.408275	0.40811	0.364643	0.212936	0.331634	0.181922	0.567534	0.442904	0.390194	0.548066	0.521708	0.260262	0.498863	0.477803	0.467701	0.606715	0.0	0.270711	0.64743	0.126379	0.654314	0.515474	0.628581P.pygmaeus	0.418735	0.647851	0.481081	0.380843	0.382374	0.371151	0.364928	0.253553	0.292717	0.248765	0.64962	0.36665	0.364841	0.555148	0.581097	0.111997	0.590241	0.421661	0.504511	0.599245	0.270711	0.0	0.718188	0.291914	0.739458	0.586282	0.640681P.roxellan	0.627953	0.654405	0.431345	0.664152	0.564619	0.582856	0.720855	0.605521	0.672589	0.620528	0.842688	0.595704	0.60972	1.0	0.34399	0.666159	0.393865	0.746553	0.362244	0.390135	0.64743	0.718188	0.0	0.601067	0.378056	0.708799	0.38443P.troglody	0.473191	0.614779	0.43925	0.408077	0.439191	0.434584	0.384746	0.236284	0.33648	0.189376	0.529571	0.459921	0.436078	0.539965	0.495201	0.28987	0.515128	0.505941	0.479398	0.561198	0.126379	0.291914	0.601067	0.0	0.67106	0.559458	0.616505S.entellus	0.700115	0.556682	0.435642	0.627389	0.598961	0.604552	0.624309	0.666494	0.751833	0.687358	0.800647	0.655269	0.581741	0.876731	0.370642	0.747061	0.419233	0.699802	0.363648	0.425475	0.654314	0.739458	0.378056	0.67106	0.0	0.641911	0.445141T.bancanus	0.746434	0.604468	0.606564	0.681526	0.598356	0.614627	0.40536	0.620107	0.647089	0.56156	0.587176	0.69453	0.667601	0.735022	0.571102	0.586443	0.625067	0.777899	0.58218	0.692273	0.515474	0.586282	0.708799	0.559458	0.641911	0.0	0.663576T.obscurus	0.661299	0.618573	0.41797	0.586056	0.540153	0.544806	0.665713	0.579409	0.659588	0.638807	0.66588	0.636542	0.649124	0.985035	0.378421	0.680846	0.404717	0.69807	0.339542	0.406237	0.628581	0.640681	0.38443	0.616505	0.445141	0.663576	0.0