27C.aethiops	0.0	0.880524	0.654346	0.144473	0.209603	0.12328	0.89616	0.710062	0.721377	0.701867	0.954101	0.518309	0.519548	0.907889	0.659269	0.688684	0.702042	0.53443	0.674356	0.696702	0.695909	0.686696	0.711236	0.696579	0.73016	0.955971	0.670939C.albifron	0.880524	0.0	0.851719	0.894376	0.909618	0.888607	0.939866	0.842603	0.87196	0.808561	0.870296	0.874785	0.823393	0.939772	0.834908	0.8621	0.842585	0.906316	0.860007	0.855649	0.82733	0.853019	0.890599	0.828531	0.845354	0.926435	0.859861C.guereza 	0.654346	0.851719	0.0	0.629704	0.648794	0.639081	0.870217	0.716366	0.759728	0.714346	0.864339	0.649131	0.62284	0.903515	0.511927	0.730215	0.493867	0.64648	0.557605	0.575141	0.695348	0.721042	0.535866	0.710149	0.553684	0.887707	0.527913C.pygeryth	0.144473	0.894376	0.629704	0.0	0.210469	0.139705	0.877029	0.698014	0.701133	0.695094	0.940697	0.505162	0.504263	0.923743	0.633778	0.703762	0.680709	0.530495	0.675443	0.68232	0.667571	0.708982	0.710648	0.680692	0.693816	0.97019	0.662092C.sabaeus 	0.209603	0.909618	0.648794	0.210469	0.0	0.208134	0.887714	0.72073	0.708926	0.697373	0.951759	0.502711	0.501593	0.89845	0.668207	0.704948	0.673483	0.523423	0.68053	0.702345	0.685224	0.719092	0.692446	0.696211	0.687003	0.977167	0.652275C.tantalus	0.12328	0.888607	0.639081	0.139705	0.208134	0.0	0.877778	0.707552	0.704725	0.680053	0.95639	0.496546	0.497991	0.923366	0.642307	0.688116	0.673035	0.525423	0.660245	0.687295	0.676415	0.688164	0.691624	0.687645	0.702978	0.945906	0.643145C.variegat	0.89616	0.939866	0.870217	0.877029	0.887714	0.877778	0.0	0.813902	0.848814	0.80906	0.829683	0.886624	0.872236	0.855747	0.908228	0.830717	0.915969	0.842754	0.959017	0.949175	0.814422	0.813187	0.936047	0.831302	0.930996	0.836318	0.923779G.gorilla 	0.710062	0.842603	0.716366	0.698014	0.72073	0.707552	0.813902	0.0	0.541178	0.326801	0.955828	0.673917	0.669804	0.868786	0.731531	0.480433	0.740717	0.674196	0.746321	0.773202	0.327431	0.48185	0.768978	0.330057	0.775074	0.916314	0.760337H.lar     	0.721377	0.87196	0.759728	0.701133	0.708926	0.704725	0.848814	0.541178	0.0	0.505106	0.947016	0.6702	0.641281	0.884129	0.754778	0.542989	0.766082	0.676729	0.817311	0.811499	0.51124	0.531451	0.793543	0.510706	0.791336	0.95282	0.767437H.sapiens 	0.701867	0.808561	0.714346	0.695094	0.697373	0.680053	0.80906	0.326801	0.505106	0.0	0.925343	0.656868	0.655671	0.88027	0.736131	0.453961	0.746255	0.683359	0.787019	0.777959	0.274548	0.461169	0.773911	0.270757	0.764773	0.889616	0.759788L.catta   	0.954101	0.870296	0.864339	0.940697	0.951759	0.95639	0.829683	0.955828	0.947016	0.925343	0.0	1.0	0.976256	0.785767	0.888297	0.964355	0.904401	0.969717	0.910774	0.910912	0.913245	0.959811	0.930998	0.899219	0.923179	0.784136	0.885748M.mulatta 	0.518309	0.874785	0.649131	0.505162	0.502711	0.496546	0.886624	0.673917	0.6702	0.656868	1.0	0.0	0.339285	0.854519	0.638985	0.657871	0.680963	0.488423	0.685698	0.698038	0.645736	0.630526	0.684691	0.666957	0.675063	0.969062	0.655051M.sylvanus	0.519548	0.823393	0.62284	0.504263	0.501593	0.497991	0.872236	0.669804	0.641281	0.655671	0.976256	0.339285	0.0	0.893161	0.637674	0.689769	0.676553	0.476529	0.674859	0.703858	0.64718	0.65327	0.655279	0.673632	0.664078	0.94681	0.647328N.coucang 	0.907889	0.939772	0.903515	0.923743	0.89845	0.923366	0.855747	0.868786	0.884129	0.88027	0.785767	0.854519	0.893161	0.0	0.91477	0.898402	0.92032	0.898443	0.932585	0.938184	0.870328	0.858493	0.943068	0.866333	0.973553	0.787644	0.939216N.larvatus	0.659269	0.834908	0.511927	0.633778	0.668207	0.642307	0.908228	0.731531	0.754778	0.736131	0.888297	0.638985	0.637674	0.91477	0.0	0.783824	0.502193	0.635541	0.47138	0.44829	0.725029	0.723127	0.409067	0.745394	0.470378	0.881775	0.457176P.abelii  	0.688684	0.8621	0.730215	0.703762	0.704948	0.688116	0.830717	0.480433	0.542989	0.453961	0.964355	0.657871	0.689769	0.898402	0.783824	0.0	0.816171	0.658782	0.819087	0.835604	0.489964	0.197631	0.823387	0.495861	0.798749	0.931603	0.821659P.badius  	0.702042	0.842585	0.493867	0.680709	0.673483	0.673035	0.915969	0.740717	0.766082	0.746255	0.904401	0.680963	0.676553	0.92032	0.502193	0.816171	0.0	0.680888	0.55247	0.561281	0.710292	0.799615	0.521879	0.717527	0.546389	0.897319	0.509141P.hamadrya	0.53443	0.906316	0.64648	0.530495	0.523423	0.525423	0.842754	0.674196	0.676729	0.683359	0.969717	0.488423	0.476529	0.898443	0.635541	0.658782	0.680888	0.0	0.719694	0.706062	0.678594	0.660379	0.692075	0.680487	0.692917	0.96956	0.686519P.melaloph	0.674356	0.860007	0.557605	0.675443	0.68053	0.660245	0.959017	0.746321	0.817311	0.787019	0.910774	0.685698	0.674859	0.932585	0.47138	0.819087	0.55247	0.719694	0.0	0.535792	0.74688	0.81672	0.485923	0.768131	0.496707	0.938618	0.457553P.nemaeus 	0.696702	0.855649	0.575141	0.68232	0.702345	0.687295	0.949175	0.773202	0.811499	0.777959	0.910912	0.698038	0.703858	0.938184	0.44829	0.835604	0.561281	0.706062	0.535792	0.0	0.759379	0.805188	0.461499	0.78043	0.539053	0.94172	0.520248P.paniscus	0.695909	0.82733	0.695348	0.667571	0.685224	0.676415	0.814422	0.327431	0.51124	0.274548	0.913245	0.645736	0.64718	0.870328	0.725029	0.489964	0.710292	0.678594	0.74688	0.759379	0.0	0.481491	0.768659	0.130584	0.758866	0.851176	0.730418P.pygmaeus	0.686696	0.853019	0.721042	0.708982	0.719092	0.688164	0.813187	0.48185	0.531451	0.461169	0.959811	0.630526	0.65327	0.858493	0.723127	0.197631	0.799615	0.660379	0.81672	0.805188	0.481491	0.0	0.80497	0.487284	0.812801	0.910965	0.787831P.roxellan	0.711236	0.890599	0.535866	0.710648	0.692446	0.691624	0.936047	0.768978	0.793543	0.773911	0.930998	0.684691	0.655279	0.943068	0.409067	0.823387	0.521879	0.692075	0.485923	0.461499	0.768659	0.80497	0.0	0.768828	0.476302	0.91892	0.449613P.troglody	0.696579	0.828531	0.710149	0.680692	0.696211	0.687645	0.831302	0.330057	0.510706	0.270757	0.899219	0.666957	0.673632	0.866333	0.745394	0.495861	0.717527	0.680487	0.768131	0.78043	0.130584	0.487284	0.768828	0.0	0.762596	0.872472	0.758078S.entellus	0.73016	0.845354	0.553684	0.693816	0.687003	0.702978	0.930996	0.775074	0.791336	0.764773	0.923179	0.675063	0.664078	0.973553	0.470378	0.798749	0.546389	0.692917	0.496707	0.539053	0.758866	0.812801	0.476302	0.762596	0.0	0.950649	0.473993T.bancanus	0.955971	0.926435	0.887707	0.97019	0.977167	0.945906	0.836318	0.916314	0.95282	0.889616	0.784136	0.969062	0.94681	0.787644	0.881775	0.931603	0.897319	0.96956	0.938618	0.94172	0.851176	0.910965	0.91892	0.872472	0.950649	0.0	0.921301T.obscurus	0.670939	0.859861	0.527913	0.662092	0.652275	0.643145	0.923779	0.760337	0.767437	0.759788	0.885748	0.655051	0.647328	0.939216	0.457176	0.821659	0.509141	0.686519	0.457553	0.520248	0.730418	0.787831	0.449613	0.758078	0.473993	0.921301	0.0